Id,saleprice
2,88927.30773705157
4,228788.7878832018
6,171563.99582086367
7,215411.41766767987
17,173731.78618016175
18,326692.7261318451
22,178938.89212581274
27,87087.12803001331
31,67427.44492868806
36,117931.35447868827
39,349457.8929257085
40,238849.339599248
42,311881.4213475352
46,219872.76962194394
53,135446.71156900201
58,163880.44250882458
61,306204.61279750324
72,220942.6906865545
79,78377.71475168728
80,168895.87348543038
82,144829.99297580478
83,64149.943447273894
85,116368.85591140171
88,85887.03236976941
92,276709.97751519806
93,258604.99249759136
95,144628.87943295742
102,158244.7748237372
103,150258.81228182183
106,215465.19481725
107,136381.45234000986
110,205388.1439178007
114,169338.4270554008
116,164705.43402595757
117,133910.00430725867
118,124003.87049005897
125,150873.03099493173
126,133714.82378408714
127,122480.94566451514
128,176462.38283506356
134,106240.00539994558
135,160045.597375058
137,224120.59875236615
143,112919.77351429366
147,104321.39448024449
148,176258.90553429237
150,79403.8894269531
156,116065.75901674712
157,112432.35882976945
159,100326.55347566813
161,253934.6609210067
167,111186.69364012012
170,111233.96652860995
171,60773.408885044206
175,74875.91945970389
179,105001.26614511873
181,76287.91977553937
186,173592.93534849994
193,141004.82903029298
194,72627.44956831684
206,91306.84984926388
208,99892.11972166669
210,130657.29204505432
211,91429.66755610285
212,89650.9882615391
214,60133.85381431237
215,101388.0336554826
217,107783.40582436156
222,134847.40200535764
227,124336.47770924022
228,149228.25331087408
233,213333.1599182923
235,91753.46527853786
238,100534.30785096438
241,139271.78917722625
252,154499.61059324144
253,166076.62618432724
256,131553.76628128637
257,156785.4440881989
258,166516.5566577842
259,153417.8564009968
261,113103.49067084471
263,107126.86720179454
266,204662.07847063226
267,188937.89376544315
270,108502.36858242276
271,231162.12848545623
276,97250.85560969726
285,132215.9208281873
288,25864.30429790821
289,126308.24955770082
290,119596.73731517777
291,125021.47311148196
292,98591.69051646757
293,160332.22026896762
294,199516.2065941088
295,165784.31313491
304,115323.82242805754
322,284757.17659859447
326,149782.3375768804
327,51827.177249138505
328,107008.30198041156
331,65210.92205474699
332,45096.68394009216
333,56969.77602623108
335,107582.1100584573
337,150118.06351745958
342,92537.02469673372
343,159481.92830306946
347,158026.0295165033
350,291511.0406099132
352,221944.86242123024
358,180412.03842302502
359,153242.52883149587
360,133613.85837933767
368,311845.04424583423
369,265000.96972248587
373,162061.7788692378
377,201491.32140273042
383,192097.21697487016
386,188269.48272502737
387,203967.76294888282
390,144726.63660469482
391,131601.93810343335
395,133603.62479197094
397,108372.65485972408
398,99850.0711800417
401,80590.73250052227
404,91127.91828421822
408,98173.55682027593
409,99733.3600104586
410,120951.53032346773
418,90740.73570414033
422,403433.5793167527
427,316138.0875554914
431,347893.84602450044
433,449056.4543205482
437,333863.71027569135
438,262878.7858078579
442,318313.52425924246
447,218669.68927902434
459,292549.3757213036
460,251925.92088214096
464,168585.810988399
465,154659.06727557976
467,154787.20481930158
468,163325.98580352042
474,137358.9424756164
480,173548.80249061648
481,178335.41509182434
483,198074.32013158975
488,146584.5612545329
492,155200.7419411104
494,160902.23577350177
499,295266.2297239981
500,253311.20531717525
501,306132.4606818819
503,241557.14227282678
506,233143.38573750624
508,232121.1518044511
511,241694.37175329885
515,215967.53973065232
519,224124.02287795386
521,229972.478647258
530,202980.7706964013
532,188531.06226973867
534,148009.73935666514
540,124120.53397949514
541,90303.31164693367
551,139364.95565669925
552,133449.55096612684
554,80857.7619257846
555,100929.3322315261
556,104254.23120682311
557,98631.34359164868
565,232430.0310151371
566,203181.87341596442
567,141012.19409645934
569,179334.0213931384
570,162147.12706325966
574,178601.6852799393
575,274438.5691914739
576,157718.66786198752
577,162546.18597915064
578,181031.09844408906
583,211793.74979864625
584,215414.38080390316
585,131455.57316639367
587,162436.67175383776
593,186847.93514047266
597,180395.23508547436
598,152325.63980574047
599,147379.95757077105
600,106847.95051732114
605,122402.55003406717
607,144512.0613725748
608,137150.72935207398
611,154569.61110744037
616,82300.23164554364
625,159304.75533056902
629,106207.21518178041
630,106076.65308868728
631,111070.86231733278
640,144021.35850643786
642,122869.86318135876
643,123495.82605963398
646,95500.75303271465
647,149665.4998113354
655,64459.7026999439
659,105192.46634546958
663,10312.86606900298
665,75503.38138275595
667,166064.86688115343
673,130919.04433186498
676,106831.14907029268
680,117144.05284246073
682,95026.9495032937
687,109849.137502861
688,118539.02237792639
692,76098.18707465642
693,85860.01182730468
695,125806.87303799548
697,111999.8733958942
700,88536.98166311918
702,87923.5713134678
703,117122.80476537562
704,80585.0305147564
712,54878.069623939344
713,56698.43362302589
717,166121.31047804735
720,140738.20480951047
721,25827.63378941032
726,130990.75821962774
733,89773.1577341983
736,108000.2222283365
738,62480.46355916996
741,102417.74651351222
743,19494.16763027187
745,83472.82737825344
750,134633.18473807376
756,75338.1422878674
757,90944.45475671226
758,119187.81170358832
760,75445.08817078448
765,111833.75796173084
775,112048.59058917678
776,106878.23541049495
780,148430.34689494074
783,211380.69145331174
790,90998.93526981401
795,48007.71023913947
796,75877.49944058986
797,112174.44074266644
798,74054.11239131176
804,175053.33035840187
805,193779.91639433207
806,194866.28566599364
808,85242.53552967255
814,124261.94921932506
818,268120.1155005696
821,268821.0134612882
822,304098.83793769067
825,253703.960069259
827,210547.71446953312
830,183085.1630607107
834,223915.6611681278
835,189289.84247603267
842,120549.64712285179
845,180688.16107051057
852,195814.29741093487
857,127985.0662502929
858,127750.78254637803
859,122683.09032779752
860,101224.1889163957
861,100075.35842436452
864,205166.4594093835
868,157531.48001479474
869,167258.13256936465
872,245823.082973748
873,201286.5398084231
885,85354.64765723053
890,79824.33355991586
895,74245.34244470584
899,45792.79693925203
906,104677.16868522196
918,166016.44875508005
923,139356.14089089146
925,129889.90598630665
927,129305.93712149371
932,206619.2918670978
933,74806.6080755896
934,109144.5663310522
942,67279.47309228874
947,209321.47315114067
948,235812.33772160648
951,130237.91661848797
957,295524.1849715257
958,302539.43671496963
959,195530.6133146098
963,159305.01692091383
967,178553.80625661407
968,300256.78591010254
971,126515.54530121566
972,140137.48181251742
976,60927.40679882435
978,44831.962585520174
979,65870.89203790353
984,94994.35295745326
986,130722.59498541971
991,193921.19605567143
996,199283.540686739
1001,243415.40273096424
1007,170620.24328206875
1008,149640.91866263666
1009,209971.584789428
1014,106639.15624519298
1022,175347.28759303258
1024,151104.4976021902
1027,113467.25632759387
1030,129323.26468584528
1032,123663.80879574308
1035,129839.2312240589
1042,78087.20673355804
1047,117315.81712428477
1050,75568.76250754514
1055,280385.8033836499
1059,358063.5078229845
1061,324329.71081056044
1064,426930.48381396837
1077,199208.45578691893
1081,204654.6264456893
1092,219062.162436415
1093,165611.6402434245
1095,180069.69463222084
1099,250569.36618094106
1101,275488.19136042654
1103,272074.1035282174
1109,249953.46375357988
1112,201694.21890079987
1113,202064.79547596717
1114,212643.97392398398
1116,217647.70514287753
1117,204584.829842564
1119,255423.19611535495
1121,201119.6397981672
1122,192392.81021063312
1125,234282.45378197142
1137,123377.63473097418
1142,179579.94526565538
1144,169037.2505237128
1145,155239.92742805113
1147,142913.43885217587
1148,160547.0401176988
1149,120437.7876604536
1150,86993.7504648471
1153,59539.88616737175
1154,70574.25535706365
1159,316292.704528376
1161,131246.51960788283
1167,145220.96498891478
1171,222312.42782402085
1174,153911.0486338612
1188,167918.63439619928
1189,148233.441071487
1191,112468.73400677381
1195,122977.26959521769
1199,133030.36745639503
1201,196877.19586464405
1204,162923.01733162603
1211,121947.11447053238
1214,223170.24729814474
1219,117134.7666815755
1220,58352.55419007367
1227,167845.47529638564
1229,221588.7498965484
1231,117089.09581699558
1234,183179.70444684726
1235,105244.6900175357
1239,150243.1487322752
1240,164987.13374012723
1241,138188.18798249715
1246,99979.43995587742
1249,149380.68120547573
1250,103878.51942835642
1252,109919.89537187798
1259,134051.6524030108
1267,105871.44663149393
1269,97639.68604348518
1270,99234.26554426752
1272,81307.60537773727
1274,109377.1312870744
1276,100108.49337270946
1279,127492.7393521673
1281,147370.49866088387
1286,153224.84301268763
1287,95090.48831140809
1290,47289.71720146702
1291,115005.51950114427
1297,148737.64013162453
1302,126241.95328572081
1303,32151.25554284983
1312,71938.20564307012
1315,111659.15369305106
1322,37805.741335867846
1327,76034.75133565952
1331,106453.7340134678
1333,79189.2883901483
1334,101834.30662504345
1336,108639.15701511959
1341,113625.44871522015
1344,64183.607017910836
1347,102519.12452622407
1348,127934.69867306406
1353,146695.21868542768
1355,109420.69913688122
1356,79963.3197139424
1357,169049.9554074484
1361,102540.6304044878
1364,99568.12370191923
1368,79481.88653910316
1369,76279.40372046674
1371,107373.36968828726
1373,95697.6368216003
1374,98310.37452524545
1387,80335.61374014628
1388,70416.78336642598
1392,141027.20494445757
1394,91281.59560457333
1406,154340.87611654893
1407,225423.4071478191
1408,166848.62679775484
1409,143273.9281535145
1411,171604.2157202466
1412,87980.23325645183
1413,111618.75526828025
1414,105823.22508256856
1425,210011.74242717485
1430,179823.30232762988
1431,203224.02560281346
1435,202133.46118193856
1441,193661.75677996065
1444,192933.64491727023
1445,112742.00063127109
1446,116175.42347671768
1452,98186.20328933769
1453,82763.24501435475
1456,200747.09109121823
1457,186663.08393513283
1460,217820.2544908378
1463,212007.83227113695
1468,193901.14200741737
1471,211686.37493225484
1474,179980.39769890095
1475,177870.2041681294
1476,188078.3626793347
1478,176336.9920155256
1482,116617.60487064262
1483,133347.03388423813
1484,117377.0982714781
1485,141590.66487477903
1496,132578.35989454636
1497,119159.98797577883
1500,102424.51037453712
1506,105496.62447878018
1507,90062.18014565123
1509,90990.49288703907
1510,114295.51435254581
1513,83508.20133042439
1517,107491.73650592632
1518,165629.88972444384
1523,151802.4676147014
1524,123289.11841510731
1526,133980.6439620793
1529,159835.74438201735
1531,128923.1274199251
1535,104886.1458888143
1536,137367.78471628594
1538,303093.7895965419
1540,224468.58570222586
1543,84990.20228382314
1545,108710.06758613863
1546,101317.46507883197
1557,79292.10555436312
1558,63260.82041523911
1559,41948.12410445936
1563,265152.8537483942
1568,143842.745892461
1571,262719.76608220546
1578,137105.82097454465
1579,199984.5842479411
1584,226980.89719712874
1586,287149.3698670936
1604,106165.44395725924
1606,129671.58410473913
1610,145308.3537294021
1611,87245.11869987262
1618,149190.0441502392
1623,168493.3261711748
1624,148431.6125290606
1628,148441.98065609316
1633,204571.92816282372
1645,135066.92316389494
1649,214665.3600484893
1652,121565.4234233529
1653,130833.93165379972
1656,119820.62258381539
1662,174296.84380449678
1668,79207.14265205197
1670,70469.40076056513
1672,88178.60588437771
1673,103363.86783433195
1674,129422.34247807311
1677,79931.82622997457
1678,97394.77639442722
1679,87711.8770707912
1685,355775.31582937477
1692,380797.7033008799
1693,306048.1276350913
1696,398027.1394257593
1709,296647.75553093833
1711,280320.45107722044
1717,193117.46644849566
1718,184434.561660183
1721,208001.09749185643
1722,208243.53959356685
1725,271908.45492776943
1726,207358.1700147324
1730,154993.2399760246
1731,153012.62166789372
1733,183902.79570572468
1737,178184.84273889163
1746,207019.5064404783
1747,185921.86110901658
1748,175865.35437019126
1749,187976.90573615988
1760,157430.03760656161
1761,409230.18016859016
1762,304560.2956953491
1768,525482.2270796022
1769,243570.012329604
1770,268811.8698079013
1776,167800.59005555883
1781,325428.0994968676
1785,309293.9318344103
1792,189907.00674126955
1798,224318.78759355366
1812,166829.89410084262
1814,204679.65550235458
1817,117547.58976809066
1818,130160.0399498611
1822,102633.41906694858
1823,94136.67756964492
1829,231151.37689893745
1838,171492.6809853312
1845,148417.53719632354
1851,168874.92217622852
1855,267602.21076824894
1856,160832.1899705643
1858,158976.3221445093
1865,203691.88144235197
1866,150928.4058394838
1867,144770.94058394365
1868,191720.59724619394
1876,112129.22550242055
1878,109068.14858774011
1879,93657.14015846445
1882,126356.79289641365
1883,91799.62499913499
1887,80778.17613368477
1895,101159.66870333237
1898,128616.0719663054
1904,37821.03288945413
1908,112283.1457375736
1917,112407.30822264764
1918,96317.43421893814
1920,106288.22983696168
1922,95747.3038281138
1923,123919.70967031913
1931,140297.95490959164
1935,106486.29674313478
1936,107200.56668418548
1939,108908.02707771635
1943,102725.75227616924
1944,96581.98274904197
1946,189433.48672224188
1952,86824.35409040599
1954,75498.34322847672
1958,91222.8793587769
1964,124355.31449549871
1966,116100.97054310773
1969,75966.53487475777
1977,77882.60423107923
1980,84805.38911332138
1984,73932.97984766035
1985,76901.81083134338
1988,94088.71258388949
1989,90452.08413190652
1991,105620.69323837153
1992,104805.1297178916
1997,111266.47313124442
1999,169710.50897002607
2003,83011.48520811072
2005,83444.4202569656
2010,120476.87509864227
2012,109862.49233730441
2016,120248.79186018818
2017,102987.23606137952
2022,141378.65398675608
2023,130870.42069613094
2035,95161.23860828795
2036,188545.74567662567
2040,104013.26847348918
2042,80735.71526808993
2043,61071.0532626035
2055,117103.28449341533
2056,77514.01072554686
2059,79374.50907237119
2064,92570.97866249607
2066,151038.6540822745
2070,123284.65994561974
2071,86272.0111607146
2078,223695.02565034677
2080,115393.41070046175
2085,95721.297424528
2089,115091.6555403051
2090,121544.90981899394
2092,186425.0762094494
2094,227531.68029767298
2095,185379.11030249752
2098,321358.3823048535
2099,223428.2253110394
2103,223205.62651505164
2120,124585.5697877606
2122,155808.3371923701
2123,154873.09976757315
2134,160745.1731636886
2135,81094.61177118636
2136,118446.3342140023
2143,164285.77449265364
2145,237281.24009001625
2146,195740.89272545968
2148,168551.87382582217
2155,242098.1783425258
2156,212875.51373012643
2157,110470.37140523558
2159,179382.62550904698
2161,160861.18759566123
2164,171226.16023203608
2165,163737.41204339368
2169,97737.18183596212
2171,81511.7380000461
2180,130098.47812630737
2182,422639.39866364154
2184,95182.62451637012
2185,45219.824596386956
2188,63583.323041513824
2191,81036.31272530448
2192,63730.75113787537
2196,140131.3357849198
2198,87045.61829291229
2204,154423.31621659262
2210,152747.90212085945
2213,155983.76020991296
2215,263705.9139305756
2219,230491.10048831097
2221,242388.49429063662
2224,180414.56022404722
2228,125488.97903675734
2232,100437.3855881256
2239,85150.32537701319
2246,265975.5764251159
2247,256844.88833336747
2249,156103.9531067218
2251,171177.1456765555
2254,136881.60783445623
2256,185098.40682906096
2259,221141.74481348257
2263,236972.11598875746
2266,187094.5398391816
2271,178119.35374009266
2274,230226.30512900275
2275,279018.2323397332
2280,131108.69012450933
2281,151937.45071766505
2291,35932.14051905472
2292,134312.38311392005
2295,177621.65683649835
2297,84013.3458440857
2299,105616.305194975
2302,114721.83283706548
2303,96157.87110639738
2304,96149.3798984403
2308,168148.6315137012
2312,178783.28654953375
2314,150444.40054483697
2315,149646.15811931243
2316,175607.54410816956
2320,203995.55484625808
2321,261690.27812697936
2322,212255.5044873556
2325,141247.65976759724
2336,362920.48981759674
2340,288926.1040341774
2341,313368.18435710017
2342,393443.30746624724
2345,209182.20637313937
2346,160058.8616116056
2347,135433.12014847863
2354,219592.076189577
2357,174976.39462617712
2359,127605.1068845801
2360,107978.32542662664
2361,68390.06768651654
2362,63480.96013151338
2366,98492.5772242766
2367,68253.74522910957
2370,83974.65189014788
2373,69104.86691486531
2376,100534.02439948708
2378,113070.14336015382
2382,234776.92200361803
2387,291288.6713117363
2392,354469.6135080983
2395,324699.08319514105
2396,340757.16953191045
2397,288173.32481408474
2399,337300.7150390169
2401,384735.4294985959
2402,272705.6747004246
2407,194626.45198986054
2411,165507.36271159508
2414,197687.22226356855
2418,228908.15199997966
2419,163457.21090254025
2424,139044.47093906248
2427,162008.6119218048
2430,193903.51705863516
2439,177066.17528041807
2441,212716.89314158054
2442,194363.8164460412
2446,406932.81381912343
2447,346079.3580803034
2452,300278.28675201314
2457,293254.8828024401
2458,257866.64922701617
2462,308977.37123490754
2465,179751.05032627424
2467,180588.81246239544
2473,108717.34612402781
2478,150942.04485753606
2479,150145.86176050478
2482,117864.08040171351
2485,105985.5782824302
2488,103337.1461166862
2494,97912.0350229754
2500,235261.0653269976
2509,119345.94392798148
2512,162248.2554837518
2514,121624.07808786098
2515,172635.5565661722
2516,196204.24957260204
2518,151030.41540939204
2519,161526.02080790658
2520,139634.02363312492
2527,149622.08110203748
2532,102266.1141934519
2538,98076.66848216389
2539,115387.67651123388
2543,84962.0363015181
2551,116200.21372921328
2554,101457.44791008074
2555,101778.88722631446
2557,78043.22188792664
2561,107907.26476647634
2563,117433.52774449476
2564,103408.04090688276
2570,73388.98634697149
2571,172808.24776328306
2576,116185.98122170585
2582,136531.12029488847
2584,117898.66263456536
2587,92954.81873970157
2589,88772.73118547117
2591,211341.26251011094
2597,91024.73391714056
2602,138539.006985218
2605,124349.5161103065
2610,142560.38017598895
2611,105923.67804352056
2614,100743.08885780656
2616,185451.47522661937
2617,167718.2999464029
2620,110804.95579415053
2623,74991.55668420417
2631,139806.54108878126
2638,118942.91272616945
2639,107952.76680586695
2645,92822.51431357955
2647,51421.1741650326
2648,110119.2228825136
2650,73530.77111622436
2652,101088.04311822169
2656,112928.50827922873
2658,117918.52283183509
2661,146923.40474822625
2665,134430.51099089143
2673,120729.23746285739
2678,89197.60685149817
2679,94257.83644618814
2680,52268.85127749661
2685,84120.49580297494
2695,89573.86526996359
2698,85269.56049280617
2700,106447.17247048317
2706,112435.11357838975
2708,118980.58275554738
2709,122686.30263738893
2711,90410.01921122974
2718,117972.9930470831
2719,126729.70307750953
2721,142547.51069750352
2725,150023.2458491537
2726,183978.9179617065
2732,189424.8828717731
2733,110003.4835896087
2739,140693.23669406824
2747,145957.83304671926
2751,190865.90816037392
2754,177810.0955462918
2755,203114.87607697386
2756,177332.68880392506
2758,208522.60148346078
2763,167228.78475975536
2764,198177.4947368737
2765,153843.7816690886
2766,153293.86946222722
2768,149000.2431901439
2781,183705.00707649745
2784,150497.43754248015
2785,118738.93358067198
2786,106769.56848222011
2796,205683.77041183648
2797,230434.190113116
2801,205230.2742668136
2805,231434.4498404093
2806,176766.00390555477
2812,158245.100910035
2817,70811.34263708866
2822,101863.17173813606
2825,193523.24044254958
2828,116534.65988130984
2831,98334.96415407606
2843,109700.51466226579
2845,64797.36735814858
2847,117184.31326000692
2855,141831.68656591515
2856,117616.94271093409
2859,109027.05230225805
2865,183700.33089682096
2867,168202.1614725761
2869,172249.27463284016
2870,213919.95247705828
2874,120963.9282146138
2876,47980.38284541233
2889,135620.78834337037
2892,285123.14928230975
2895,219813.09880292
2898,198953.3026268613
2901,278600.3733701546
2902,297439.9415682416
2908,109825.66487310528
2909,83191.59690681736
2916,153191.67542435785
2917,83123.23325547054
2919,37937.74163162423
2921,50862.31086725187
2922,152147.2589614836
2925,153235.61533776915
2928,96753.86147268298
