Id,saleprice
2,117121.35059867537
4,253125.8516014237
6,197825.60594434504
7,248540.79198432254
17,202484.6076087465
18,365121.30172988644
22,201858.7440530432
27,112569.88063047788
31,98235.50504977966
36,152727.23201099364
39,367816.7954430836
40,267255.59765324317
42,314174.8177346437
46,260934.50390764908
53,177925.22073641833
58,191468.6207455755
61,313275.1681854735
72,215677.71713922493
79,116406.09099624678
80,193139.31475043204
82,152141.83353560648
83,90424.43628208223
85,149956.02002231672
88,123723.56893577504
92,295389.4844092688
93,288690.23896999395
95,181743.49095915095
102,185543.25482716996
103,183871.73442734304
106,234093.77633985947
107,180107.5780723254
110,215892.9498213035
114,201508.6756532797
116,185643.21301072818
117,148016.11828263148
118,149285.0559661627
125,173739.19431462375
126,175048.79476625533
127,148546.0401176183
128,202526.4666626826
134,132539.4431431612
135,189819.56460322475
137,240389.85585677365
143,124019.35555164967
147,128325.07942012296
148,189381.99422742616
150,114383.04851394903
156,140513.6427911152
157,119918.67507611225
159,149007.2262056639
161,240765.5320894617
167,126241.53676505895
170,149138.49807341496
171,86061.38096680566
175,95760.4445054618
179,135332.1431179853
181,98802.0069390341
186,193080.03962429205
193,170725.8769654849
194,67662.65205286948
206,115786.84278523937
208,138095.65413104673
210,160905.08343293733
211,112157.49987799882
212,110047.40264922
214,85485.90505829462
215,155613.67049950908
217,144149.24050906007
222,153641.13117106995
227,157378.74569545573
228,179074.52388399298
233,228577.55054890964
235,158818.24321108268
238,128050.09560663311
241,173052.62752753412
252,187839.06432983832
253,189539.7050896445
256,150756.2956403058
257,160408.0531437278
258,195207.12792987077
259,177788.26046856353
261,134351.28334886418
263,120310.7766946535
266,225086.18108325585
267,218508.58741942304
270,153021.75758877987
271,240663.9245556314
276,122789.04351893239
285,162893.01025547122
288,66912.02311098164
289,136448.6390933289
290,125180.55553081693
291,154315.48910074463
292,136838.92850263964
293,197089.62023029648
294,213322.59596835318
295,185677.72686492605
304,142094.02814935258
322,330669.0261090273
326,172103.5069995583
327,86170.79975407603
328,137882.2389205466
331,72545.16607579768
332,79012.34211645693
333,83721.2121149884
335,122588.319425074
337,206907.69378774284
342,120952.58064011956
343,186132.1765012418
347,187069.4249470356
350,320314.6327078413
352,245640.2299162101
358,182811.12549213946
359,185282.7790203459
360,159211.8090867523
368,339919.5544807921
369,290265.067655892
373,188318.10605308122
377,212495.2342450031
383,185122.2205216813
386,215986.57971197448
387,222282.7232899131
390,174171.84075657636
391,157067.40784200752
395,154072.47173927844
397,120942.78786080236
398,113301.51135099532
401,107924.8092055933
404,122780.25806621008
408,109451.85506368801
409,128116.62849767286
410,146312.71730368002
418,124516.5623508138
422,403494.59534926224
427,339796.1305433692
431,363789.033908125
433,430841.6495167496
437,344363.7978609456
438,286973.865233497
442,340725.4394262695
447,242185.04895212938
459,331653.14757901937
460,294360.43824909255
464,210971.34096477457
465,194035.57481038486
467,183769.83136617613
468,186183.28744096702
474,180816.71639976645
480,205356.9947342807
481,207944.22702678706
483,246147.11872610787
488,182531.66134175268
492,191173.695112815
494,192113.04340496747
499,329742.5936613893
500,287086.77054033434
501,312840.97590230464
503,270412.298398261
506,260254.88810201458
508,237760.7596887764
511,259315.42753175134
515,232587.61933841795
519,227980.95556603477
521,254550.8746500595
530,216092.06083980328
532,204630.0139282462
534,172638.5862310678
540,175014.84505345253
541,128693.67357736235
551,147732.16470291928
552,182971.09886350427
554,100548.21694030182
555,130566.2000392095
556,117777.3538654677
557,132018.9205212318
565,256936.61854452902
566,243437.23379509916
567,176042.02049553432
569,216295.39975481894
570,198807.86223275948
574,213145.40220092185
575,281252.3564458957
576,209286.16351333106
577,181400.36657029873
578,221814.95907829393
583,225514.29600678803
584,225328.18407121953
585,157808.26743161152
587,190796.18052223025
593,211028.13382743316
597,200342.96157506958
598,184027.75570059867
599,157298.59223605695
600,121379.39324970837
605,169718.933154269
607,161456.8309643052
608,163906.607893188
611,181713.15965999645
616,122118.15863631887
625,172655.82308042914
629,184357.91978902172
630,158302.51752382334
631,123812.51986659426
640,193402.159302603
642,171522.23394283763
643,136878.3540537944
646,135723.82348691678
647,170802.13360523674
655,83035.4704947332
659,120027.27932230693
663,52396.312464169096
665,81710.04184690297
667,215483.99869893602
673,148775.9197844799
676,127482.22337927629
680,152453.27401821074
682,121430.16380664831
687,140630.25625593067
688,149754.29154176888
692,103456.7114304359
693,116054.61654070532
695,152983.34620911998
697,130371.70486778577
700,133808.51938153553
702,137174.98623576885
703,154669.35493584792
704,88021.4393233892
712,89390.03318222395
713,106890.94143430245
717,207707.13527007017
720,181711.6114770112
721,70773.27860737637
726,155848.76594279296
733,122844.72779586333
736,121212.41923860152
738,106825.8944430226
741,119630.2740612884
743,65042.48082300044
745,105494.14442495763
750,154532.8285847826
756,84448.91589379641
757,129641.18850021495
758,148731.67346157163
760,74296.46028813609
765,149046.2911858102
775,132089.8267228084
776,133848.5809821849
780,173927.5697016136
783,235322.5332205962
790,120473.58546957216
795,76175.43201867973
796,132159.24439642875
797,160625.0839112871
798,109989.01738366566
804,203471.3917537289
805,222151.96336417782
806,226960.45576634555
808,141380.02080983043
814,169270.23631484335
818,312397.6190491929
821,292795.53086950793
822,326149.2782578615
825,286734.4427670322
827,235684.24073120597
830,205876.73464505054
834,248724.02183116577
835,206778.60527483624
842,136507.36732688395
845,205461.2652649908
852,207567.44899165028
857,136701.07155111968
858,121442.48897553046
859,140230.3163836993
860,129411.3620242684
861,115388.73698630164
864,237020.2044863524
868,188021.96721840315
869,198970.96441692568
872,275556.41374375194
873,215597.78777026024
885,122532.97250506023
890,114925.92363982984
895,100264.53067149447
899,100929.80753604397
906,133081.41266466383
918,157095.28879313072
923,149714.9984806606
925,137421.08186161076
927,136345.45425748214
932,210460.09556484007
933,120190.27606280276
934,144348.89368088462
942,78612.34388493802
947,228248.73122960847
948,250616.67630453364
951,152358.16803759086
957,413564.64029411215
958,333908.87976022187
959,238005.74587320746
963,181668.9092058572
967,203466.01996000687
968,320167.28144027677
971,174276.92173652217
972,183004.23481525437
976,90326.16066382558
978,79026.9977016993
979,100594.98775670106
984,113522.76537952413
986,161778.92744670977
991,207660.50667872294
996,224556.07855452533
1001,276376.5194101723
1007,199033.70359204416
1008,179299.5663345673
1009,270015.67296888627
1014,186967.526350815
1022,205090.12549172132
1024,182465.25235146866
1027,130849.73630810247
1030,158996.13424606228
1032,150448.3150242347
1035,142033.10761065112
1042,116155.73059638997
1047,127198.73674119516
1050,99183.17632876952
1055,304539.1130949276
1059,373699.3272165095
1061,337673.0601026135
1064,428856.2419120461
1077,239415.77610591525
1081,236268.8882431115
1092,257870.88507917116
1093,195412.21696304216
1095,220119.56261291684
1099,296111.15910570696
1101,309109.50212564075
1103,305605.9940826456
1109,282074.66577052104
1112,222856.3225250272
1113,232194.79612763794
1114,241590.55680516898
1116,235491.7339997067
1117,222664.87581066095
1119,280863.1976803896
1121,213648.36847828663
1122,205950.90233956173
1125,256067.78486782842
1137,168778.3718354378
1142,202086.85781369515
1144,192420.98725740673
1145,189951.78652970341
1147,180106.01747034295
1148,188349.94197113407
1149,162156.3252723127
1150,135743.60775160533
1153,110464.89758882753
1154,98448.06783260517
1159,348039.30839735246
1161,166825.81016896156
1167,172753.81529851758
1171,254886.3471353454
1174,191402.51988960264
1188,175371.560916601
1189,174086.0403937752
1191,147637.9756596199
1195,147411.32036088425
1199,155974.77515722875
1201,200321.90461593118
1204,196068.24199702716
1211,145902.70437173476
1214,175929.95742191572
1219,141106.22509004571
1220,68404.49700545057
1227,182713.06340315065
1229,232515.085613191
1231,135682.0542627481
1234,210760.88052501262
1235,122261.19993610948
1239,154330.15136297754
1240,163735.91100942952
1241,175378.77161165868
1246,114999.30915796396
1249,177196.02101047963
1250,123549.59951468484
1252,156633.0852834597
1259,164168.5483815636
1267,131446.60471512697
1269,119892.37108719145
1270,135726.16691409322
1272,105082.22594701518
1274,140981.7838247248
1276,134960.17623646843
1279,144895.4426767256
1281,175843.49652250894
1286,155493.26126376828
1287,127405.58248226359
1290,73010.60678713123
1291,141033.05994278396
1297,163101.89895104122
1302,143121.42489192355
1303,37977.40719223925
1312,96813.65958430865
1315,114482.70334895048
1322,64765.22516378942
1327,92485.64692856644
1331,123294.8408247596
1333,106967.33576420342
1334,129372.58114730175
1336,140415.52375146688
1341,138314.14510323276
1344,84064.92819222124
1347,129050.31742695573
1348,187490.07078778947
1353,160601.6936201185
1355,126353.49960335864
1356,140032.531263657
1357,172952.160639851
1361,116729.33660317329
1364,124538.05025620006
1368,108333.40186741059
1369,92701.22053225356
1371,130895.6237661549
1373,134409.196434836
1374,136092.628507055
1387,135456.91607593044
1388,97893.68719488342
1392,148175.96733378875
1394,130748.03206979984
1406,173419.68777424068
1407,244522.80428177095
1408,211508.13150113323
1409,159736.54119546452
1411,156179.1375843624
1412,107288.34294299973
1413,139872.86301075833
1414,124855.6746724156
1425,241037.641066097
1430,195670.73405835652
1431,234762.7031033465
1435,227881.6171795967
1441,221662.4856931779
1444,223514.0490887915
1445,123135.29927097642
1446,126936.37084186554
1452,112870.69054963526
1453,109015.8355448752
1456,234116.59077734104
1457,217491.7777861754
1460,235926.3362695744
1463,237189.0382864667
1468,220332.66468965026
1471,221592.35425583026
1474,206853.74208195222
1475,197284.79131120013
1476,210501.03580125223
1478,206721.6413788256
1482,162629.50176772053
1483,177297.94518310702
1484,163443.71515128465
1485,179536.20202965965
1496,164626.25051406634
1497,150056.41569168994
1500,159741.28177084838
1506,129660.61530211885
1507,121369.76867726477
1509,123542.91860730863
1510,129744.79838386674
1513,105259.91585955948
1517,127135.69121225423
1518,177683.35330239663
1523,210824.5428179552
1524,127104.58976729927
1526,144535.48527728365
1529,184743.80153929966
1531,172853.48558638178
1535,126282.6428196964
1536,136378.80271729088
1538,313771.3789879164
1540,242696.6392124897
1543,117500.66919484155
1545,106520.07508213405
1546,123188.47466773243
1557,86066.59902317497
1558,118532.5037983695
1559,101132.70185778853
1563,278273.2795961426
1568,167942.49213108156
1571,373030.582583106
1578,157049.07573404972
1579,237112.83171591893
1584,250942.95174346876
1586,306718.29357635806
1604,122320.34205241449
1606,144127.06565139428
1610,180980.9169248111
1611,168995.66905788568
1618,170030.9137486615
1623,195551.7401992359
1624,176057.11573349484
1628,191362.1108022587
1633,257226.1444387833
1645,162570.2849332673
1649,211697.76032746484
1652,153186.10555513648
1653,147253.3054800432
1656,155809.68340210317
1662,182652.2812246613
1668,102989.11238962182
1670,92632.25963871626
1672,104383.53478806373
1673,148165.4584223482
1674,177974.22146889224
1677,112887.61142578284
1678,131691.32222245715
1679,116111.96435329856
1685,371305.0933487618
1692,393127.8840777298
1693,326673.3876631291
1696,413974.323836708
1709,319381.06912145857
1711,299049.73783930077
1717,237818.3866082644
1718,227894.43921284642
1721,254875.302430844
1722,249406.53245772133
1725,314807.4235873119
1726,248990.55033065248
1730,193735.75503787064
1731,192017.19862765406
1733,210746.27579639936
1737,201633.44202046166
1746,241622.63951609697
1747,213214.239122261
1748,208012.07650330968
1749,214756.68084593103
1760,185543.56918018957
1761,447436.86524096935
1762,338588.9915416057
1768,474017.08339922805
1769,263080.4167187993
1770,300035.2837046513
1776,195191.97469913246
1781,346080.3965857496
1785,292099.6234642364
1792,209653.831013836
1798,244050.88827576183
1812,187186.20983728865
1814,242575.76687416402
1817,136360.84386980045
1818,180928.6837741632
1822,130005.84022228814
1823,142142.84298957163
1829,253965.02127835667
1838,209768.4274431269
1845,174719.15126147692
1851,177368.94374657614
1855,259092.46452031095
1856,191579.79458628624
1858,216320.51697764092
1865,207877.365263402
1866,151690.00692041026
1867,157112.16599969333
1868,195619.28732823767
1876,134562.5001918006
1878,148325.67432685636
1879,144262.30578826327
1882,139850.68558236494
1883,121167.25852311321
1887,100358.91060417601
1895,139973.3936447834
1898,148639.0140848837
1904,57570.34075952026
1908,158804.42806158075
1917,137279.37073181968
1918,134042.2086120356
1920,128776.38387409445
1922,121541.76549102223
1923,161227.5455213778
1931,144962.7746607562
1935,132093.0370711066
1936,121649.94402437005
1939,130403.4175985821
1943,129871.94873153241
1944,119361.24079886227
1946,235079.73169894086
1952,100100.50246365496
1954,103902.3243652465
1958,121840.10772110656
1964,143894.56095007597
1966,137096.73505171886
1969,108127.22524116788
1977,105481.87056149502
1980,102008.89993223663
1984,123121.03926309774
1985,87032.64579717381
1988,98900.38249174906
1989,111462.13247119356
1991,132936.6664913135
1992,126314.36968990185
1997,132900.4509141546
1999,203007.7622012329
2003,108886.5147062879
2005,132710.04840122547
2010,132931.02889801172
2012,132101.14221575888
2016,138616.23836537712
2017,121936.21140994056
2022,161553.81061204057
2023,151416.56504644168
2035,124698.53603454895
2036,190267.2019918403
2040,110922.1672494759
2042,155931.11290960212
2043,79659.84365319023
2055,144951.68590010764
2056,102625.6233139439
2059,105511.29929689785
2064,117930.17938552288
2066,205441.1497349176
2070,159094.1992939026
2071,105270.81481286882
2078,228062.40702061765
2080,152024.36798467865
2085,124941.38487854521
2089,153876.70421441662
2090,185946.9584285688
2092,228974.01907395537
2094,247691.59065455955
2095,208181.4226976942
2098,346704.0214275823
2099,254065.46695298777
2103,256605.12172697223
2120,141524.89975353796
2122,174901.99409590996
2123,179291.5792483362
2134,192206.28007739247
2135,114826.34634624518
2136,140140.02804820187
2143,164466.4702740626
2145,254324.77613692184
2146,229325.68647527535
2148,195770.4892572163
2155,275977.9113670107
2156,244087.08684562717
2157,153497.72170733055
2159,204303.82877187175
2161,195576.33707156533
2164,196857.57943364175
2165,189600.09710980565
2169,147013.5996055459
2171,120846.44409373576
2180,160879.14189031417
2182,483763.73031917994
2184,142372.78592514
2185,94237.22148396126
2188,85061.36505544317
2191,117678.7108680993
2192,90388.74036840945
2196,182880.96779594902
2198,94611.02265138953
2204,170102.17537834443
2210,161410.29355885123
2213,158450.03791058142
2215,260685.45379458438
2219,236585.60513727384
2221,228314.83336586747
2224,203580.30549799735
2228,177935.6251342955
2232,115491.09060535548
2239,108039.80420037179
2246,285327.8670358803
2247,279598.3659757292
2249,157388.0512521519
2251,189571.4932815785
2254,139484.78286609607
2256,220313.19491995787
2259,228505.54443163757
2263,271853.15840448544
2266,208913.30105361695
2271,194442.8965238572
2274,234965.06102512573
2275,309062.0789868396
2280,155956.17369266003
2281,177304.5442918683
2291,91508.20155299999
2292,166974.2884161943
2295,213792.46189884728
2297,94113.62252563446
2299,128902.74226584271
2302,125318.98871744418
2303,111783.524597316
2304,106922.68141899607
2308,193307.87846499932
2312,213368.96888376493
2314,176896.73616946416
2315,179784.57449251672
2316,214490.51821733871
2320,247327.8220403043
2321,285120.7177280089
2322,257844.4956753059
2325,172295.7853227971
2336,400032.86997319077
2340,341147.15182839474
2341,325428.7512931067
2342,417152.94155870005
2345,224885.72074003553
2346,191294.98157836267
2347,159626.08577741153
2354,244036.4324246315
2357,179862.1795330405
2359,147390.1460636497
2360,136193.97765175032
2361,95233.15060620154
2362,84014.68084228334
2366,135867.9666113815
2367,103726.18138697125
2370,116215.43358896463
2373,113156.01683437313
2376,128232.26330047811
2378,149566.8452917815
2382,263663.50233016675
2387,319406.15566304047
2392,374852.38193882594
2395,337055.7873651325
2396,361634.94014796795
2397,309482.03551651916
2399,358153.9591122911
2401,395562.34491763863
2402,287420.2750771411
2407,239657.28802430208
2411,194950.41561619786
2414,231053.00610679452
2418,261373.97294082172
2419,197001.5428073337
2424,187107.19373689534
2427,202474.37983699486
2430,240663.18104093982
2439,210512.29280405218
2441,246002.57820508094
2442,219360.1587229123
2446,451169.54136789823
2447,371806.2518617625
2452,329005.9891827941
2457,318148.7658232108
2458,283034.2542887323
2462,335585.6742827826
2465,196875.15262040307
2467,197569.09443168965
2473,151386.29703564045
2478,180545.74419990656
2479,171656.0444789479
2482,160681.87810308195
2485,125494.42811645963
2488,160754.80546956687
2494,116447.62466888771
2500,275984.89483486355
2509,158497.39984505106
2512,190296.456780061
2514,163937.81536672375
2515,187994.24888825289
2516,207321.78015210794
2518,164266.17512538444
2519,222372.0499668739
2520,189649.24613738884
2527,174094.34637506734
2532,135340.70065741357
2538,121306.41055164006
2539,139742.63763213268
2543,119271.90796497717
2551,133301.70305995503
2554,119863.06698517271
2555,102879.579244914
2557,102990.58900020341
2561,130868.93891015003
2563,169376.7732903002
2564,139809.21330828255
2570,104570.17984617938
2571,270042.3960705755
2576,142053.85488358472
2582,159270.99749744
2584,155480.8140174212
2587,112756.63184802556
2589,123649.68691481667
2591,235183.9864792608
2597,106646.47067444309
2602,149512.83366190168
2605,160761.28835563883
2610,171570.0155857293
2611,139638.75418278662
2614,125533.88508360827
2616,195848.92271459202
2617,179472.29235803446
2620,135174.5369379727
2623,91817.97558054794
2631,151033.92205171875
2638,130867.70455615118
2639,125669.0029773839
2645,138854.89733156655
2647,68239.23927227463
2648,134031.7921389249
2650,110526.15143096284
2652,121771.15415873556
2656,116607.48322750928
2658,160049.54426433187
2661,181797.43968349605
2665,154913.06557255876
2673,157421.1443760671
2678,99854.36026199868
2679,84421.90215359122
2680,56195.78374586222
2685,97838.05242126585
2695,120235.73560140544
2698,92532.77403047588
2700,163060.30002903915
2706,139432.91103117773
2708,144058.77233709
2709,154489.9396096779
2711,125083.65890317458
2718,159746.98193903337
2719,164051.50255260293
2721,180081.75102743556
2725,170108.15328987583
2726,201249.80742696978
2732,209196.28191534706
2733,135771.44004928044
2739,194542.22240141785
2747,174243.943115136
2751,217547.5028355556
2754,208469.34938948785
2755,230340.762230861
2756,209061.08424818882
2758,237948.29972171085
2763,200947.24448767002
2764,233735.04928081378
2765,178717.41649763097
2766,196663.9130516864
2768,169396.91993401095
2781,219586.61180180215
2784,174828.07933267296
2785,133345.8261149653
2786,121405.57682138614
2796,228898.48375663132
2797,262773.3538313668
2801,228977.31478281028
2805,250536.74874586076
2806,200689.1344464785
2812,194245.1644263684
2817,132574.80496244074
2822,142957.52816643356
2825,233358.77365889208
2828,171255.08667451702
2831,164081.65222019082
2843,128952.81690963119
2845,88119.10511707111
2847,166753.3488320592
2855,169525.16542106326
2856,155312.31646860705
2859,139989.22092492966
2865,174479.54388728645
2867,177120.98274072714
2869,185371.81999494287
2870,200158.6258415322
2874,136752.33945091313
2876,75012.97760463828
2889,154306.21677714042
2892,296896.85733624804
2895,223352.11209854687
2898,208869.07825587623
2901,299599.42099625093
2902,320710.14817856805
2908,127166.52124742302
2909,110405.50693016397
2916,161280.91448377387
2917,104134.69602523065
2919,72982.26879847764
2921,78589.3837202172
2922,192723.2383689707
2925,175410.60946860138
2928,112644.55240385681
