Id,saleprice
2,115255.1409954389
4,243423.31417506182
6,202186.16402808196
7,213025.12092728383
17,212179.65781329718
18,306639.28075848985
22,219936.2393754737
27,104808.95495454583
31,108011.84148682655
36,159045.4766197948
39,353330.6605703167
40,278280.7492592491
42,307122.3161041414
46,256139.98368155773
53,182200.35001680718
58,191645.0626308549
61,272696.3513652851
72,217584.34267500706
79,112402.40288985599
80,202387.73764649147
82,160841.49571802083
83,94315.92275899585
85,146493.71218396007
88,116564.52987285337
92,272539.43410666037
93,270238.04145369376
95,184406.03835389056
102,201417.63346284223
103,180130.398363286
106,237331.2506151495
107,191285.3664644904
110,223173.0190333703
114,203548.34740984964
116,183068.23168298925
117,152010.39110029003
118,136303.7669129822
125,185421.8723493087
126,160179.09633588797
127,130898.83702669514
128,210565.94793767977
134,140907.06164454095
135,197626.70643445142
137,260297.81649955106
143,120979.75937467418
147,127642.07684765663
148,190095.89964038503
150,107396.04438220667
156,137367.9483799511
157,110793.95199493025
159,146649.54048893138
161,255335.46923808008
167,127358.76983153433
170,150995.04800787935
171,89779.49420579225
175,95455.60314935255
179,137328.49156967478
181,104772.92349591453
186,211091.41698291845
193,186453.89983026954
194,71497.17891594244
206,141508.4323325406
208,164074.29159015522
210,174022.31149864703
211,105419.05313050465
212,123132.94091338932
214,90829.20290766149
215,146806.54257627288
217,141678.71804703103
222,140139.96544510135
227,159129.1266591579
228,167041.0238393629
233,236845.23694342742
235,141418.6265620396
238,122059.93826634147
241,179503.37784914311
252,199183.35418917597
253,195779.4715855782
256,148242.96346261393
257,148895.44026770393
258,202724.0117120377
259,191250.61803199566
261,145250.45248730129
263,111586.29504418554
266,230123.7629725942
267,226036.70920044347
270,158871.69804372994
271,238645.48785168584
276,114656.76313208946
285,153841.34677034663
288,59208.2415612083
289,132674.34699641814
290,119928.2982866405
291,128554.16609929226
292,125538.22762625763
293,200696.99801836276
294,211584.56498625557
295,190088.3978609909
304,125184.1122822492
322,313095.05831722065
326,172418.4334290473
327,89039.82516601647
328,146889.64028181104
331,56117.91350900843
332,72724.44050886674
333,85820.86078132341
335,136711.8409235326
337,195412.14249464037
342,120151.38691776429
343,185086.11144815825
347,194366.34504159697
350,287612.6251269304
352,201372.59726938242
358,187487.4914852795
359,192656.11974287452
360,170526.06000784773
368,282744.77044715104
369,228474.42949005973
373,191209.0061255995
377,233901.72838476187
383,179797.95415416686
386,227468.58714716713
387,234687.10247418235
390,179094.53261630636
391,160624.5874292002
395,155868.90983676803
397,119151.92638532651
398,102773.22153660073
401,105826.90140363417
404,136845.43363872706
408,110749.16111710713
409,135870.70724885905
410,151187.46785166924
418,126729.33330038167
422,399891.92865527153
427,333465.9179555295
431,366381.3897452939
433,425875.1221486825
437,325227.7036548945
438,280622.28478712443
442,334501.99826639623
447,248766.57468542107
459,322749.46133827476
460,283307.47449621296
464,221096.12587210923
465,203362.869648835
467,192778.39749991786
468,187522.9150140195
474,189280.5787264217
480,205536.49233551254
481,216061.91171917965
483,246335.431622572
488,183427.64828225467
492,196533.27947402673
494,185201.0231625031
499,303483.3374357572
500,265758.64910007425
501,281846.7852693256
503,240821.4585022077
506,240389.10665468196
508,243594.94883443962
511,271407.232432373
515,241474.43016548606
519,232322.24573111214
521,259339.1068203501
530,222879.66340137366
532,211985.58238002093
534,182368.78167885664
540,181245.83937263745
541,127939.85828137895
551,151180.70981730265
552,181525.56072858447
554,103082.82333785149
555,113291.32539241647
556,121094.57934494014
557,127037.34280123952
565,229822.18905519333
566,255390.34497532572
567,167820.05354145786
569,217090.3501484365
570,199420.233523428
574,227350.72080959548
575,289784.744316778
576,226236.66943734192
577,193404.2825076676
578,222795.1191695917
583,218294.05893061435
584,231685.03155841536
585,160005.21038224906
587,194618.82290159626
593,219872.58551324008
597,211181.89358043572
598,192409.44428113106
599,162137.794181121
600,113104.9557731039
605,167109.06954444802
607,161580.96686640984
608,157604.1138266878
611,190638.06832812892
616,118664.99347000851
625,177846.51416435468
629,174704.53210211385
630,145724.51289496032
631,121302.08708280974
640,207285.59494213574
642,176427.3142622358
643,125878.3234522664
646,116958.54070898861
647,163275.8739867823
655,67654.89088836733
659,113459.05919261482
663,53861.81357868062
665,104941.0662449614
667,217846.44081433714
673,134727.7000174538
676,132549.95272843877
680,137463.09236245533
682,119630.77479963735
687,145782.8279463522
688,160800.05569671936
692,120360.46961893365
693,121841.21720452275
695,169528.6386548045
697,135337.78175333646
700,152561.66390686238
702,155059.4414928658
703,158557.2153488515
704,95039.83786527222
712,88836.58557227698
713,114077.4474896072
717,236063.10696035431
720,212027.49825251626
721,69195.53480726105
726,174478.84666863683
733,120756.24649048285
736,121809.83996879621
738,112646.13105449353
741,116756.18119019503
743,67591.48208656548
745,104812.11096763222
750,158041.98422656348
756,93495.64149360779
757,143425.74785291433
758,153681.06945533652
760,78478.12979936451
765,158703.45006289153
775,121732.73202452282
776,116016.52838144658
780,172996.7644066248
783,223691.63405516007
790,106741.48444462719
795,78882.9376143318
796,131113.6865816936
797,158158.29544698627
798,113290.91008296401
804,211448.27352783078
805,227073.28208938544
806,245133.99138716265
808,136327.16933929012
814,169622.71854246585
818,280124.77001159795
821,273082.6265337985
822,323842.65771224955
825,277800.40680763416
827,242836.16846551758
830,203164.9517982834
834,232474.37939334993
835,203069.7175380834
842,135622.77775495575
845,208952.3949917724
852,219341.76752384263
857,126108.13765498722
858,121759.800936172
859,128005.54031291448
860,119901.32198471334
861,116603.71191845118
864,244127.72451495624
868,196381.81284908953
869,204441.24133882188
872,281687.49339748017
873,226339.11168858397
885,120366.6924939421
890,116228.38324189611
895,81048.6343481456
899,83290.17082067921
906,136697.036051063
918,143293.47053238266
923,130616.61617231718
925,114862.55883002913
927,124686.59847824552
932,213347.15276180525
933,126552.61773079846
934,148731.5931998245
942,95347.18349821045
947,245288.23315057985
948,248274.952213215
951,142847.62598894627
957,443019.65252734604
958,296669.91803159943
959,212923.96259990192
963,192356.942727454
967,212138.39231777957
968,315823.81331940077
971,169565.2314771642
972,173983.74020266742
976,90258.1701886913
978,74990.38893914579
979,97174.893531648
984,100466.8463298524
986,153474.2036262579
991,214569.23839720144
996,228899.65354125114
1001,231234.98984779904
1007,210444.847026176
1008,187639.11936237503
1009,212337.1956692277
1014,187871.8289107664
1022,216085.71933266582
1024,192424.31029561567
1027,131340.4825533966
1030,162426.83774604328
1032,161695.73008789454
1035,141869.07018227555
1042,121993.35914355778
1047,132607.02549792433
1050,101516.20078529172
1055,298026.91749057197
1059,369966.73268684477
1061,334362.0378579241
1064,415059.8015080382
1077,249675.32781145285
1081,251385.2878832022
1092,259242.30328820558
1093,195265.23180641336
1095,223349.9509034777
1099,272571.5600204796
1101,280286.47520870715
1103,288440.150151497
1109,254910.92416866534
1112,221458.64750204634
1113,248265.24402811204
1114,246749.6515339624
1116,251042.80393707426
1117,216320.42061209833
1119,278051.2048817024
1121,226957.68257154553
1122,206114.42967323135
1125,257388.67477568833
1137,180472.55396451982
1142,219199.16179529688
1144,196756.35689596113
1145,203942.60768986808
1147,192083.00921841498
1148,193336.12317873456
1149,175290.6816605366
1150,119818.89561146127
1153,110582.22856064273
1154,96923.30838586057
1159,319857.80398212274
1161,172879.51807780055
1167,167943.32235516576
1171,250106.71802238247
1174,187255.9189107402
1188,183200.12857715154
1189,178271.49787057118
1191,149546.40410759984
1195,129091.32845498197
1199,169818.8071245759
1201,194533.8033739535
1204,208634.46317362454
1211,142917.41432274567
1214,180756.73762817195
1219,137453.77161000343
1220,48549.21303873115
1227,183717.94708788488
1229,238356.61788188296
1231,131961.17795376925
1234,222830.17385816888
1235,114251.30531834242
1239,157474.20141927013
1240,158395.80545056387
1241,176051.46126006547
1246,105455.15861254094
1249,190048.38664846012
1250,116160.18902540611
1252,148030.23673535493
1259,171695.14071438843
1267,127974.33521509403
1269,106877.46221707237
1270,138579.21794721554
1272,109940.39663314902
1274,137702.12038082408
1276,122895.48033857832
1279,140168.1264340119
1281,174331.8343058793
1286,170811.3384687456
1287,131063.29646327891
1290,71409.38181989064
1291,144006.95661668558
1297,174393.82889271106
1302,152148.34179705443
1303,27759.19884901357
1312,105198.39862151351
1315,118882.93213533731
1322,76720.09615911281
1327,97316.60451576259
1331,128199.98477440722
1333,126342.95648357463
1334,121161.18420111596
1336,123906.12192730856
1341,117358.10130255048
1344,97506.12840290436
1347,137594.50715536095
1348,183311.20096156033
1353,164346.60275581127
1355,129031.3829644628
1356,125942.13675465832
1357,163597.52348412736
1361,129514.24649056591
1364,128906.2501242323
1368,116877.7341430518
1369,101896.02903171578
1371,133286.07482325437
1373,128507.34859585956
1374,133238.54689203302
1387,139899.65307306842
1388,95953.6631664105
1392,145488.52436391625
1394,126957.14381396287
1406,162579.83836815853
1407,225447.95908611699
1408,196945.73075327548
1409,168913.5092427462
1411,149140.05162673132
1412,108173.8995400809
1413,139244.11269331374
1414,111915.17557639808
1425,244525.9727536266
1430,193673.4422346339
1431,217756.16121440876
1435,241224.3888864707
1441,227364.82941160642
1444,225922.13027843687
1445,103213.92412978178
1446,129086.75900227553
1452,99939.82979170336
1453,102384.61195739344
1456,242712.27527301104
1457,232298.5258930031
1460,252369.39221909642
1463,250436.42542269922
1468,227050.61136428808
1471,237213.82670686484
1474,217440.267912084
1475,200476.11008590832
1476,219930.44852257485
1478,205734.01782853378
1482,169092.54134413175
1483,190530.75901841721
1484,170315.32861963613
1485,193138.39772813878
1496,156840.68690204594
1497,150188.28724591486
1500,175898.518993554
1506,114123.54158803381
1507,100859.76537476221
1509,120233.47594554051
1510,121958.78558530236
1513,111670.30903927376
1517,137703.94063169975
1518,176319.2192143953
1523,183265.4730323974
1524,133062.18288260014
1526,150013.6912482719
1529,191996.26144918043
1531,151137.225034217
1535,102765.22013505767
1536,140340.6750845036
1538,319919.731463145
1540,238455.2478182
1543,134575.40330145747
1545,113822.88275790036
1546,119047.53088923043
1557,83028.1556550473
1558,123895.95182344815
1559,77850.9027820347
1563,261746.9615234944
1568,171806.3366901101
1571,362068.3542795263
1578,156536.26256934283
1579,218515.4998228081
1584,242445.04420104553
1586,315895.14533708943
1604,110824.66042270756
1606,141709.65151567082
1610,177178.87864486082
1611,170738.53850890687
1618,173959.12619070214
1623,192774.40225300367
1624,188278.44620235538
1628,194191.3746213072
1633,219727.66982902473
1645,155605.62290550343
1649,219553.29049581435
1652,159419.724636929
1653,161823.3306868811
1656,153763.93936570777
1662,184140.32906252067
1668,104026.47153086618
1670,89999.69480782551
1672,106979.34961054326
1673,148040.65477309917
1674,179616.99964614937
1677,122877.3870684487
1678,131286.9831596213
1679,119704.1750952159
1685,364208.5587830522
1692,399628.11431764934
1693,312332.68685879506
1696,418568.0707026819
1709,320094.02375839214
1711,295670.4018200167
1717,230535.51968260956
1718,220287.93168246277
1721,255844.84360906947
1722,250071.12990579318
1725,307786.67597914
1726,260279.3271785831
1730,203494.80483320812
1731,196699.693770638
1733,209257.45262042046
1737,208951.52373549438
1746,247044.42450204142
1747,222309.31155839557
1748,207056.69951837798
1749,217791.37965020598
1760,182769.07373154277
1761,402310.042678187
1762,313299.61325512605
1768,461044.036760082
1769,226481.03186228342
1770,276337.17509458103
1776,206144.96323556287
1781,352256.36302401446
1785,280278.46391516057
1792,216621.53523511504
1798,251547.98311977898
1812,193621.47857493025
1814,253954.81586226923
1817,134092.4005527693
1818,184639.56895310784
1822,126910.80510445213
1823,121651.84531769934
1829,260852.55075958092
1838,207590.90281121802
1845,190393.47887849764
1851,184061.01049902826
1855,268230.73126061016
1856,197113.15591386647
1858,232510.92861505118
1865,212526.2119569701
1866,151275.98501838054
1867,164699.24110678697
1868,201627.92276850992
1876,137371.26531818483
1878,135844.89385513408
1879,149606.94500107336
1882,131014.31464699573
1883,116612.07443835225
1887,89452.30270710784
1895,148858.9129411765
1898,152178.25545967967
1904,43528.45237237748
1908,164609.3761646958
1917,137047.14714594957
1918,124390.58800005855
1920,126914.82414996819
1922,120574.72877815596
1923,163945.35202217905
1931,132773.32697711652
1935,132747.02924760833
1936,113216.301093838
1939,127670.93273893654
1943,112864.49212007892
1944,123608.15595691773
1946,237689.45121698605
1952,82603.24841823602
1954,101985.57088182145
1958,128240.31841435054
1964,138859.82167263477
1966,125034.04152365738
1969,100236.79802510026
1977,112600.2151120024
1980,93361.50422634133
1984,120175.71327034684
1985,79181.1248038684
1988,98705.91212682269
1989,117727.35160936942
1991,144324.9765362218
1992,133755.6160529288
1997,137023.41927568326
1999,200964.06527078908
2003,106636.9526261491
2005,128953.96979277035
2010,119474.79489952025
2012,139228.11649662195
2016,127093.5714977324
2017,122479.59482517872
2022,166038.7350235707
2023,169428.7002218262
2035,144063.15224435186
2036,204295.8611178358
2040,108123.42735654674
2042,176762.63744096106
2043,87285.01126633692
2055,139391.16043946205
2056,98567.19070114386
2059,100366.46835718675
2064,113098.75227924772
2066,217770.07272706542
2070,152893.15369193844
2071,102943.0190367428
2078,234431.53520901495
2080,150927.68389133122
2085,121384.08331425805
2089,140829.95840387815
2090,202344.51128509542
2092,243148.76312528082
2094,236345.38260570672
2095,227298.39311658786
2098,348073.7395504331
2099,261915.15792475542
2103,262942.49633107206
2120,148074.45192254847
2122,176674.92556521023
2123,180205.43724036927
2134,201317.89463144535
2135,119238.10339589232
2136,139196.9100130942
2143,135430.63235314086
2145,274717.1140004849
2146,241990.66975534812
2148,205676.05991296365
2155,275893.17783459555
2156,264525.6729106227
2157,158549.17841782756
2159,213170.27846778766
2161,204389.58234311442
2164,199381.56410280988
2165,199515.0756979101
2169,147457.48733498936
2171,99324.29208609235
2180,160163.15351959417
2182,500938.5542853476
2184,115905.13504817121
2185,87759.10824109393
2188,76000.31555102427
2191,104685.58175660508
2192,88644.31234703552
2196,162081.68210103718
2198,88871.53661080505
2204,166978.9335296129
2210,166897.58401658613
2213,132544.9913043427
2215,264291.6574343428
2219,249371.59328285645
2221,235282.28309471844
2224,211746.95015487974
2228,190991.27569454515
2232,121943.88208278673
2239,117071.61624844419
2246,286023.0098048843
2247,275504.58261321526
2249,155184.55516664698
2251,202878.62866453978
2254,128523.41895987024
2256,223578.34170080203
2259,245598.41172326208
2263,273094.18748543214
2266,214159.47537765696
2271,189446.2509036817
2274,238807.11593959812
2275,292022.60901036765
2280,133536.60538337223
2281,159698.33203429647
2291,91470.45733292069
2292,165435.42130298947
2295,220496.9784568212
2297,92932.29930114295
2299,144410.95170139184
2302,127797.81843683768
2303,105382.98890221445
2304,102609.74857966347
2308,196920.67982447305
2312,229542.73526907474
2314,180125.63735275736
2315,180735.94244916845
2316,194018.41539039527
2320,242117.41769522426
2321,276142.6179472138
2322,245456.0541315623
2325,181483.17461041777
2336,320154.4641884618
2340,286742.06410230976
2341,305730.1590836406
2342,352764.1005544759
2345,234490.92519085933
2346,188312.29752230938
2347,162477.0404817585
2354,249118.98401458486
2357,193644.5793997512
2359,150581.9367355418
2360,120533.85530047497
2361,91661.41821677051
2362,77797.73144833311
2366,150781.64641451987
2367,113150.46446477718
2370,126996.88754112544
2373,120895.54155751722
2376,119629.85008857297
2378,153686.02993690147
2382,277877.2711139865
2387,316598.5243819774
2392,365723.3835769945
2395,322795.1318470041
2396,359239.4837240283
2397,305515.6087104903
2399,363758.31669037987
2401,406349.54536360956
2402,281553.60586528864
2407,240085.82390090145
2411,206413.84612088453
2414,232842.4047984067
2418,272723.41799088934
2419,205516.0230518954
2424,194200.7458548652
2427,215358.2363546671
2430,241632.14061086564
2439,220504.44762868198
2441,248009.6273438722
2442,228298.8818732023
2446,432439.01532863814
2447,328490.11118929466
2452,305806.2392369673
2457,312352.27052446577
2458,273448.5369412494
2462,340882.4742112892
2465,205013.81352427465
2467,205868.5810565397
2473,154226.5324045107
2478,179775.4790129502
2479,180123.59800851723
2482,173432.51816905432
2485,111864.83063974022
2488,160674.46801878023
2494,115624.84192161047
2500,249812.2342979542
2509,164155.9323474315
2512,190472.04341553614
2514,166848.69757413323
2515,190928.3387326735
2516,220738.67747780768
2518,163530.81645163716
2519,234876.4911159795
2520,203535.9854524177
2527,181433.76522902027
2532,127700.55078903415
2538,116171.31669371159
2539,134992.1252123444
2543,112648.89996405352
2551,125631.8637574043
2554,110809.89635253856
2555,84365.45212799132
2557,86673.8373406922
2561,127509.75396965389
2563,156220.59066381873
2564,140664.96484084486
2570,111741.42563206285
2571,292010.70145415136
2576,143314.08005995047
2582,166858.62113803017
2584,154051.6409220074
2587,120736.98889369234
2589,115243.62353453356
2591,238983.49911842152
2597,112292.167750872
2602,154876.17051658375
2605,186513.2862774791
2610,178748.12975024106
2611,144148.9713088827
2614,124820.46010941718
2616,196636.47391689025
2617,174574.9061047381
2620,122622.54591278365
2623,81019.05766101713
2631,154778.66058357898
2638,127772.87536590008
2639,133900.45491597155
2645,147914.74699562392
2647,81165.83965463565
2648,128079.78680504147
2650,109650.99765887219
2652,116898.57096599287
2656,98233.72966090488
2658,153325.69975537766
2661,186481.0696667557
2665,163662.98990731506
2673,157970.04150042948
2678,78635.53507628478
2679,99216.97828100577
2680,56458.13816194757
2685,100495.8966574481
2695,124381.64904481689
2698,110443.40759021681
2700,170968.7604433584
2706,140560.2469444361
2708,141981.46588123753
2709,146745.39154882458
2711,124176.75216864175
2718,168345.75878449492
2719,174198.81462260688
2721,179291.94347172588
2725,164939.43126317963
2726,212387.85612597968
2732,226603.48174481007
2733,135805.80687546567
2739,187219.2898152553
2747,186702.54140639462
2751,234741.69707758358
2754,213975.27873324888
2755,243343.91471645297
2756,210979.03775899182
2758,249897.61906127832
2763,206882.39346232073
2764,241220.92178724206
2765,196444.21581666975
2766,196201.01526028448
2768,174150.05305026975
2781,228351.19354616565
2784,162021.07161657308
2785,138933.25997615812
2786,109675.42540427388
2796,238926.7038499099
2797,270500.52482793893
2801,234172.9762083625
2805,254799.49412812892
2806,213343.07592321435
2812,202582.99587788686
2817,124190.13115064948
2822,125230.81374411151
2825,233088.3162105049
2828,189197.10200065572
2831,172889.4997424314
2843,128999.25186579993
2845,100693.70397246459
2847,169371.69712883796
2855,159922.05618117374
2856,145729.3134853752
2859,156224.40122695256
2865,183541.61281113015
2867,173373.94437696572
2869,199698.3709631516
2870,214851.09428225222
2874,137547.7500756891
2876,73562.70612107679
2889,165696.94369482974
2892,305595.18593734043
2895,224035.1086435662
2898,223086.2212032614
2901,303941.59166113334
2902,328426.37997686735
2908,126056.96159831836
2909,115549.6694899722
2916,155356.3250014795
2917,86853.19018190831
2919,67175.10411744268
2921,85674.9357235557
2922,204848.99662440526
2925,172602.16322442153
2928,112170.67067848204
