Id,saleprice
2,114121.81297067957
4,253532.07691063534
6,195986.16370834725
7,251626.19593368733
17,208875.07739766387
18,356850.4212416556
22,202368.7098646815
27,114990.46517782687
31,91479.86861092028
36,141196.44101985614
39,369359.12029248103
40,260414.5703321954
42,327792.8667035494
46,257924.6454478465
53,177462.76822962632
58,194319.6869379169
61,338152.43637684267
72,241100.44662506465
79,128629.27820670337
80,187179.44099209688
82,167282.65155018275
83,91205.8505593177
85,137872.3319130486
88,112335.23350192714
92,290631.4557241135
93,283147.01049324917
95,181774.94532639327
102,193787.56407868347
103,180774.9708054796
106,234342.03119767483
107,182665.21994417012
110,221659.37648446727
114,203578.61416501604
116,187069.8841241034
117,159847.2401714841
118,149608.16549506757
125,165225.42678642462
126,166668.08533053502
127,154673.71235779344
128,197727.8783598385
134,126358.97796322755
135,179544.8094969703
137,218444.14277667127
143,131447.2023783395
147,126920.84603432086
148,204587.9612059361
150,100409.54745784168
156,146417.50543211988
157,139672.1723732277
159,122160.22102711195
161,259821.90054407332
167,138756.23225729444
170,144376.01912686718
171,85589.19789918474
175,93500.56334840092
179,124157.19812840543
181,101810.35174499426
186,189559.72899150252
193,183031.93362928965
194,88012.63949292531
206,122191.24749207991
208,119594.9349040603
210,151126.9932101208
211,127506.53943500118
212,117776.32449162641
214,105982.82121738308
215,137139.4792514505
217,140050.16456736697
222,154556.5330343756
227,156920.00897702842
228,176338.8225692067
233,219094.19634290776
235,141579.95838774022
238,122503.01699847518
241,159916.72698958492
252,183037.0208517722
253,189178.30193154313
256,153025.65087858442
257,184465.95714678225
258,194287.13475125039
259,179057.48946290358
261,131578.9042795665
263,134042.8778265092
266,225244.7852531504
267,217484.2721849548
270,151911.49660272742
271,245741.81975080655
276,121621.3769778296
285,140579.72545913162
288,72471.44822060651
289,155652.7043574111
290,147423.94220597547
291,135843.33706156584
292,137233.8246893717
293,184598.8759969872
294,214774.04610118177
295,180405.00810389654
304,157984.72852803004
322,330950.3848496051
326,174029.2911181666
327,91488.0047034978
328,131687.4097011034
331,82611.3858651142
332,84874.75419165331
333,87686.567211827
335,131456.87887142252
337,188830.20090511255
342,115711.62641574694
343,184466.61191285786
347,187162.62427127102
350,325118.8298920223
352,246600.43369785277
358,196557.8333463379
359,180163.78038584234
360,154399.03450891556
368,327345.39951070445
369,287915.3616195645
373,187702.12448825705
377,218816.22028064905
383,210654.97064468925
386,207861.51727800985
387,227510.45209581708
390,170094.96134453962
391,155831.49682803353
395,154427.9573509783
397,121731.8602301043
398,121860.09736026311
401,108669.41547561936
404,117163.84617802304
408,118310.28448739133
409,128992.06122955287
410,154618.71973517438
418,125069.85338912418
422,423049.3455840406
427,338935.83559045027
431,374987.7964439255
433,424989.89127616136
437,357743.75055857026
438,284012.828486259
442,342051.50243375194
447,237075.86790228117
459,330519.1403540541
460,293462.27309114026
464,198470.46023506127
465,183212.08118344552
467,189260.2339655015
468,193877.17251496934
474,179343.78930986015
480,200084.67231150361
481,205030.99723519458
483,229776.9729538378
488,170699.61004735186
492,185195.87360139214
494,190702.75881915732
499,322667.0812298598
500,278281.06646293844
501,319249.78240006167
503,269253.5913871917
506,260847.67362360697
508,255080.62926527817
511,266676.1799125906
515,235914.2099709077
519,241541.66831439064
521,251222.4624387641
530,222663.92651002668
532,209396.0637464375
534,170032.06935739203
540,164761.39918412032
541,129985.10757048841
551,157422.110226736
552,155511.09620926713
554,113512.02411849269
555,131957.54358710843
556,123567.54414618883
557,119088.68053792638
565,256309.0896845734
566,223909.20110929923
567,179397.1884607598
569,215255.26157337576
570,199396.73119871665
574,205186.74157367807
575,283470.09781242243
576,199523.6196268102
577,187228.319190984
578,208919.01571438208
583,234092.52486507533
584,242759.5081650628
585,161149.64574852271
587,194178.0725956224
593,208405.16327250592
597,217367.14767134568
598,177468.29336934732
599,179992.24406289597
600,127080.94460257099
605,156274.1622149162
607,176389.46717981482
608,169247.27763632342
611,180941.7444090296
616,133144.15186829673
625,183603.89887201216
629,161980.86269538812
630,148746.2982153867
631,129754.62530184974
640,188550.65686214596
642,152359.00373254475
643,142648.69365776033
646,118863.08879386778
647,176458.24235522712
655,89563.62108339978
659,127294.28566751198
663,51998.11189377814
665,93369.65410935428
667,193216.0920142766
673,151772.7334571034
676,126201.10173900958
680,155379.84009391186
682,112559.70744964991
687,138855.7414654499
688,144634.6493060765
692,105662.26430665981
693,116281.35993470522
695,160358.4352425046
697,142004.64621572528
700,118212.1001516164
702,116839.68786108616
703,147449.7911486999
704,105601.9577193154
712,84423.14845790598
713,85470.73645674353
717,211877.17309372622
720,175133.70716480815
721,76272.67162298813
726,158013.728261164
733,121005.80083241049
736,129635.43605342817
738,112347.4964516726
741,126174.47476672726
743,45409.00474310215
745,110023.7463857389
750,160110.4611436149
756,99105.66568073351
757,123185.01343284977
758,158615.2707827974
760,96034.7503188768
765,119736.26478299938
775,138430.8796194926
776,129828.97603196974
780,185420.25470922605
783,240859.19071447168
790,111714.74802929866
795,80953.72730966317
796,116988.10166518384
797,153909.77480220134
798,101889.00432486461
804,201974.22484897502
805,223171.26941379847
806,220121.25350567207
808,128133.78930956605
814,142982.9659978206
818,291330.5053307425
821,295390.92631277407
822,329373.3682471249
825,278585.91001337965
827,234352.3449014794
830,206632.54911611287
834,243907.0661807349
835,231178.63395447045
842,144635.8624747372
845,204040.89830897315
852,219401.9284935363
857,147589.95859736006
858,134470.63645345502
859,147182.9775715263
860,139442.9646718924
861,120698.66729050121
864,231777.89509846224
868,184483.82809990173
869,195568.78867732204
872,268507.4752567926
873,224890.03075109434
885,116586.65168836627
890,90499.69568825318
895,92709.29752710828
899,63636.280693875015
906,139182.36250445034
918,175330.70900209696
923,163480.93395097973
925,147183.75854899504
927,133465.2108312231
932,203761.7421608592
933,108488.82180719441
934,151810.31398702817
942,90988.22759880156
947,238536.00249760674
948,264739.89281729737
951,154574.54382075067
957,396933.6761999151
958,333487.50624075445
959,233265.12425619652
963,185057.49076877913
967,203007.54003142635
968,323238.6525003286
971,164261.23319393423
972,181126.74484830024
976,74439.30089087794
978,78928.89499545148
979,91738.78428595322
984,122569.41339152865
986,161015.20679810387
991,209616.6540805639
996,224371.91534584225
1001,264225.7508809194
1007,196620.73526664762
1008,179200.11132343352
1009,251092.13859317987
1014,157573.64246731627
1022,206920.5175771868
1024,179354.7221830902
1027,144336.39181660887
1030,154316.4923162005
1032,154888.69433841392
1035,149231.3530137488
1042,104574.22287726094
1047,147077.84603495873
1050,99103.46894893078
1055,302605.5872716389
1059,379713.8016510992
1061,348473.5771806496
1064,443738.8701286946
1077,235997.65507443133
1081,247757.79336955663
1092,253979.57620041462
1093,193110.17822525578
1095,208466.47656294625
1099,279849.7297827361
1101,304726.6019222518
1103,296464.88992249186
1109,274017.73757617816
1112,232021.39284982934
1113,228196.1593379273
1114,242588.10704092137
1116,242827.08498043654
1117,232302.80790880986
1119,284372.812841144
1121,217525.95356710962
1122,211031.66251170725
1125,256058.75320347858
1137,163278.19402082797
1142,199568.13489464388
1144,194241.8922531514
1145,185431.82205813978
1147,166267.20305160814
1148,190746.15429574103
1149,160251.56260919187
1150,132056.14983412388
1153,107534.77171178661
1154,94213.01136191991
1159,350727.46604067995
1161,169343.1982018417
1167,173249.65671040348
1171,255933.46126635605
1174,185313.35801587344
1188,194197.6066537548
1189,178623.29277410023
1191,131958.0318210189
1195,147987.1679219325
1199,156441.18435294856
1201,221283.33546316967
1204,194308.92700074962
1211,142589.46726459728
1214,177346.79264708926
1219,145729.51482644936
1220,82561.41349089162
1227,203016.97277561075
1229,252174.8945155851
1231,140577.5237026618
1234,209296.87343584094
1235,124365.73678527927
1239,174538.09497280687
1240,189264.95944777888
1241,164703.62080589327
1246,121301.20944442581
1249,172603.30452838028
1250,121996.85101724791
1252,162764.72040088254
1259,171276.26267129031
1267,131652.70020851307
1269,124522.93329196791
1270,131035.65559643818
1272,114673.75768380851
1274,136942.20052465913
1276,122846.90580551665
1279,152540.66364346864
1281,174466.97910354423
1286,180105.17560226002
1287,118474.65753192283
1290,73410.19752876768
1291,150736.82989218892
1297,148125.4570153776
1302,147435.4201399735
1303,54477.01125763811
1312,101925.93623145475
1315,123933.0259089707
1322,61746.107178559585
1327,97954.44384784882
1331,137659.12208604976
1333,110309.41469418442
1334,120497.71688012361
1336,140349.20993671328
1341,137444.57474284028
1344,93373.54922346519
1347,128874.35901453976
1348,151513.0810476194
1353,171486.95332396694
1355,143435.09027498018
1356,121974.52616048991
1357,182423.2737665989
1361,125025.88505155122
1364,124299.94635612812
1368,106909.05414743956
1369,86132.27984356818
1371,136222.3916647814
1373,123940.85889157376
1374,138145.143034144
1387,122729.23752896822
1388,99912.13302297404
1392,156324.26125969065
1394,125138.21451981796
1406,180770.33165274427
1407,275089.41866035387
1408,180051.01449765102
1409,164134.13100353463
1411,194693.8252768673
1412,95314.37876431318
1413,126621.30315084383
1414,122411.4086184527
1425,234172.27274270557
1430,208614.8539379666
1431,226079.1663221183
1435,223867.27948241465
1441,218445.07687428134
1444,218658.38270514645
1445,140419.128594056
1446,131331.48529281985
1452,116402.51558763409
1453,113336.94430052143
1456,226977.77061917286
1457,212744.24494696903
1460,244252.91476900564
1463,242140.29941950695
1468,220650.16801623203
1471,224837.84486967823
1474,206149.50799919054
1475,201010.78327040712
1476,211043.4761871557
1478,206298.16247970087
1482,159995.56866102794
1483,176048.55902753043
1484,160651.4619834347
1485,178573.775186934
1496,149137.49344261023
1497,136977.8304420733
1500,148707.5650090692
1506,128435.9064997613
1507,107059.69367379979
1509,119271.73902686744
1510,134274.29506758397
1513,105082.7671083268
1517,128962.6383656343
1518,190483.5931936604
1523,202767.21033090382
1524,152860.41352249598
1526,141684.1999267628
1529,184870.95979443207
1531,157611.04569359627
1535,129933.9866943559
1536,142772.39862631913
1538,317038.9334681529
1540,243269.05945112195
1543,114511.6735137438
1545,116876.75372847488
1546,122026.18058238737
1557,93009.0049559852
1558,113284.79708867751
1559,79853.44272600299
1563,293335.9580790289
1568,173052.57423829078
1571,357747.24635167187
1578,168084.25936095297
1579,231949.52414909317
1584,249244.55650448625
1586,310254.663564626
1604,130804.32824547676
1606,140998.90163183873
1610,170768.64007053705
1611,157271.92660622598
1618,177897.05277509545
1623,196972.13791828052
1624,173025.38313292706
1628,182618.24712413843
1633,242123.7042838322
1645,162396.09467927588
1649,200886.9489503952
1652,152267.19904143197
1653,151543.17425580235
1656,142693.5188362076
1662,199290.92013402886
1668,108526.11502901695
1670,90025.96165403443
1672,105012.14744805965
1673,137735.4659095454
1674,165674.54461044408
1677,107087.75265558485
1678,125588.2807992844
1679,121141.26163136552
1685,377309.5652832958
1692,404260.09745923814
1693,332854.1957087718
1696,417293.0411391264
1709,319874.26804171514
1711,302904.8364744375
1717,222734.54154456063
1718,214131.2948938008
1721,238434.4430895664
1722,246008.17649496126
1725,312053.9460881636
1726,243947.6262893294
1730,182480.67996263865
1731,180501.63402325218
1733,209485.03460404117
1737,200345.97450548728
1746,238579.0409559317
1747,219128.6656202263
1748,211406.9018076791
1749,214057.0346035213
1760,182965.63495674005
1761,436201.46927326266
1762,330543.8080174078
1768,467544.91114285524
1769,268515.5033312781
1770,295416.51013266016
1776,188610.69995078823
1781,353664.48452044
1785,339515.193534628
1792,218619.24204487877
1798,245028.76113773076
1812,195913.32215988505
1814,239685.6293565556
1817,143568.88442530972
1818,156316.23788993357
1822,127708.21583720036
1823,120927.37975141907
1829,262156.23109196126
1838,210146.1002891938
1845,182809.5694975327
1851,188848.1848073381
1855,283275.62578377937
1856,181306.95318154426
1858,201480.98138410674
1865,205177.35803806412
1866,166187.77969521502
1867,169795.7542816554
1868,223199.656554488
1876,135775.2473132017
1878,136423.86134786453
1879,131942.9160217878
1882,144280.03414213768
1883,123095.31544871262
1887,99134.86256333604
1895,133516.25382931097
1898,157962.03348289122
1904,59642.17690553643
1908,135944.13653862107
1917,136528.5370151013
1918,118500.74228799928
1920,131342.8050237759
1922,130523.30357042956
1923,146517.61127904675
1931,160506.4510415435
1935,136757.38799524205
1936,131364.62343301746
1939,135287.68251039175
1943,131845.9699024375
1944,124042.77795588237
1946,231931.06443531273
1952,110293.91438734131
1954,101007.48352884907
1958,115932.51882157772
1964,142797.8912263156
1966,138559.14233067303
1969,105213.31881528615
1977,87388.10779843177
1980,108922.89078008934
1984,121701.44512563496
1985,109110.7223787902
1988,108543.43657288217
1989,120774.79167666749
1991,140280.30533853077
1992,129274.28396537437
1997,135025.75808940906
1999,201235.0763127162
2003,120813.78289804874
2005,126155.4562185905
2010,148853.42460577522
2012,139300.77517395554
2016,147591.69186551048
2017,132141.5618382406
2022,162169.43267532944
2023,155345.31988174375
2035,134999.9691533447
2036,213036.46285501585
2040,123593.50339000861
2042,130056.66358459405
2043,89072.0257538357
2055,156389.83132694798
2056,108583.99879461974
2059,105078.32791049038
2064,114664.95257415927
2066,184455.34967723794
2070,150843.5704329654
2071,102603.48475613119
2078,238243.6364900284
2080,143714.76409488483
2085,115263.34182634593
2089,142735.22597001278
2090,170275.72107311434
2092,220738.3676503886
2094,248110.08908137976
2095,207188.70060541906
2098,347589.6750907257
2099,247250.00042170653
2103,246988.93333023752
2120,158821.8316965481
2122,187492.80309741438
2123,178963.2381696362
2134,189391.40595636464
2135,120257.70174829732
2136,148570.87312949417
2143,200371.71220700486
2145,262102.96097075747
2146,221815.7860088561
2148,192353.302474523
2155,268513.7545299336
2156,238649.95120308374
2157,151854.9259937564
2159,206100.38630008607
2161,188616.17731445684
2164,195538.3461079282
2165,187355.14848050888
2169,132069.689836513
2171,111817.81660362112
2180,150412.2363928707
2182,480622.74039267935
2184,115973.82173615681
2185,72269.5213938757
2188,87283.57377362391
2191,101106.89814077453
2192,86306.87667413255
2196,161068.134041011
2198,110373.7243938918
2204,167687.9148211113
2210,154330.6743749057
2213,185228.04020483093
2215,277608.1947443389
2219,228017.3273381396
2221,252565.5727545953
2224,206574.4888405164
2228,170510.17331286325
2232,122789.43941518302
2239,106317.24763310041
2246,295093.0758929647
2247,281776.1316642512
2249,179198.8004857933
2251,192092.66187123436
2254,156586.50120417695
2256,218776.00095887063
2259,244535.86443613248
2263,265281.4923982238
2266,213084.45901638095
2271,196666.3354251386
2274,260102.69430515953
2275,310889.63233120285
2280,158924.55870251768
2281,179316.95197928275
2291,75360.91261087237
2292,163697.73343113207
2295,203134.61248790188
2297,100026.11225914651
2299,144764.5125695768
2302,130767.76810633513
2303,113445.97942900728
2304,119248.41859090005
2308,192161.98814188357
2312,206222.0374380116
2314,179825.08181091255
2315,174048.60056817398
2316,212417.31466244557
2320,239803.54536491324
2321,294251.999415367
2322,258693.31848226706
2325,167419.48980944187
2336,391077.5175678263
2340,331218.7143595648
2341,321751.07495104487
2342,419918.9561210313
2345,212018.7050437788
2346,184407.86571654305
2347,155229.17204699272
2354,239684.09602857684
2357,199497.7283225972
2359,149056.24000795535
2360,141851.42754616795
2361,98411.40961085277
2362,92051.81319437189
2366,128935.2049609473
2367,94803.25212099611
2370,109620.67364358228
2373,94818.29262033963
2376,126457.70384407806
2378,139676.88667322762
2382,257127.1115181095
2387,316095.67944580864
2392,378691.61092355533
2395,345377.9484031056
2396,360983.5622896692
2397,308270.6706303563
2399,359066.6138794543
2401,409423.8139258474
2402,292980.4743213924
2407,233493.6677668735
2411,188071.92157515528
2414,225818.7533280579
2418,256639.08492089383
2419,191434.23364294312
2424,182645.08034931618
2427,203451.2808629237
2430,236331.86651113274
2439,208487.1797675328
2441,242235.69755110922
2442,218418.33341857797
2446,439145.8718139876
2447,371103.34978785506
2452,327100.8685358389
2457,323439.42752215057
2458,286192.9196827207
2462,331013.15619042
2465,199056.13254507564
2467,199739.2744844607
2473,148722.59228769227
2478,175864.0906149308
2479,175378.07942787407
2482,159190.1263565515
2485,137312.10850045242
2488,148616.22442936545
2494,118577.19412178936
2500,269432.8835277526
2509,147033.66885668473
2512,199721.0949759897
2514,163622.69549967314
2515,196778.9267008094
2516,212437.8631751304
2518,166119.37569398616
2519,205444.16956898742
2520,177004.2605126205
2527,179174.8552152301
2532,139579.15605347228
2538,122623.62661428447
2539,142726.66486951386
2543,117340.98777708747
2551,137716.67049590097
2554,115352.3428097533
2555,109700.34654096284
2557,101491.31721575059
2561,133213.5112629308
2563,145786.04549834543
2564,128484.34603148897
2570,97014.73354998534
2571,255390.82812837447
2576,144026.530835181
2582,154104.32996600828
2584,140048.3913798465
2587,112099.36308063591
2589,127754.77867033593
2591,218345.12496813358
2597,112384.67677301557
2602,156633.84192959327
2605,152544.93546620785
2610,181609.22938183756
2611,133504.93939011567
2614,124663.69835426699
2616,183655.61946248377
2617,178821.70223233473
2620,141482.55086523015
2623,101155.67456770215
2631,163782.43444419987
2638,142332.877016093
2639,133513.11793130968
2645,120090.43214119456
2647,70896.16849772126
2648,141438.1246083309
2650,104206.51220355772
2652,123236.89576479344
2656,130524.69270517497
2658,130251.52322988192
2661,187706.98373867891
2665,158025.55694108544
2673,163923.77946094377
2678,116561.2545105152
2679,102590.02092702682
2680,73365.9421807058
2685,103118.20201174424
2695,123599.61854894854
2698,106551.04317646084
2700,132949.75645950512
2706,139918.19485893537
2708,138642.41795236644
2709,147423.54671574003
2711,117106.75696353459
2718,145098.83719058425
2719,154393.9302891569
2721,179104.2936209072
2725,182541.91217778221
2726,202076.43533697855
2732,222468.61460472853
2733,131691.46241434902
2739,171415.87403489277
2747,169509.54915314412
2751,222289.4982472798
2754,201594.18740551718
2755,226598.75028457673
2756,201308.9327364585
2758,235866.06545737016
2763,193360.92756947377
2764,222969.9870429879
2765,183262.71990099395
2766,193422.25182867833
2768,173442.16748664674
2781,212410.15322512822
2784,189059.16053083015
2785,137694.07737023945
2786,129381.37158590893
2796,227110.88336201786
2797,255922.059045731
2801,229206.32309291404
2805,263852.6810784533
2806,200890.96678532113
2812,188366.93780220274
2817,104389.36778214898
2822,134917.32999793932
2825,212261.5561740822
2828,158118.51942182763
2831,123152.29065960614
2843,148928.8713276144
2845,87455.47854103548
2847,165765.33165923195
2855,177751.88587770687
2856,161303.29104196254
2859,127742.72686868046
2865,185905.95334124772
2867,180265.11639769157
2869,191767.36438107566
2870,222569.82016693582
2874,142483.3987155726
2876,66280.68868535015
2889,151790.84972277159
2892,296032.30657039303
2895,214770.10310348077
2898,223282.16461014168
2901,301917.20473088627
2902,317716.7291934737
2908,136313.9320871684
2909,109913.81255806482
2916,166909.87836973614
2917,98162.20457281209
2919,64222.999917769295
2921,84954.21830683884
2922,180512.1692556688
2925,186897.5565989216
2928,122406.11672342938
