Id,saleprice
2,114626.07882839814
4,256836.73366815606
6,195109.03712535455
7,250286.92469161446
17,211275.40829779804
18,364910.18985218357
22,204430.13652835297
27,111473.1367331912
31,96431.80445696555
36,150784.7138206229
39,363073.57515913364
40,268552.91130908986
42,318101.6211097567
46,257188.5557673367
53,177890.00220550114
58,189463.79128870566
61,312943.33355436777
72,210590.4973482894
79,119726.03053408313
80,193636.62592832075
82,155369.26311139498
83,92969.2648306549
85,149024.44158179808
88,121664.54197140753
92,296163.2692778505
93,294776.90044810734
95,185919.35412662607
102,181748.37795078088
103,184627.95705491625
106,233368.5331185392
107,187244.51056209984
110,214595.75015836855
114,196923.1332781522
116,186786.08456635987
117,150233.93541673917
118,147599.87550207647
125,174254.0335389127
126,172473.99124646283
127,144429.23809836377
128,209529.8699988128
134,130946.4051559674
135,190497.65605255266
137,246269.6692089902
143,126452.87101062012
147,128307.9613758681
148,190077.7005322302
150,122560.37493911013
156,142979.40982531308
157,121826.75840601131
159,156684.03144381222
161,245388.47229330236
167,124570.84986324148
170,143972.12888455976
171,83216.00787344272
175,87495.34762028787
179,139708.088380845
181,100890.48492090557
186,204970.13931766842
193,176002.69800826462
194,64687.393216781944
206,119891.94862890439
208,141532.09646147018
210,158411.5399037744
211,111048.69536189552
212,110484.4445895039
214,83870.6435092487
215,150330.2819067152
217,141581.19825104612
222,147369.49597174383
227,154049.72261254152
228,175890.4689792537
233,230139.77696884336
235,152075.6821892808
238,125182.89037391052
241,169795.77094355196
252,188743.04387017022
253,188056.1629539476
256,152404.38968995167
257,154821.03991469587
258,194571.52826992198
259,177111.02709821428
261,136013.18344064723
263,121280.2302121009
266,223500.77788691068
267,216696.6609309017
270,154975.7518116214
271,240077.3873192468
276,127161.27281979355
285,161908.61739280858
288,63786.439263491615
289,133681.33824828433
290,130719.40422877655
291,145014.5460770801
292,133533.68573238573
293,198214.43515023583
294,211224.0118538055
295,181763.21456103458
304,143391.86126469445
322,327156.99931086815
326,164638.66939176022
327,81283.568623817
328,132247.6139901238
331,67589.24422538768
332,74196.18286412623
333,79368.41995026056
335,123357.40239200313
337,194130.39151044234
342,120170.19125786166
343,185838.39962177465
347,190245.98957620043
350,320666.0395171539
352,248814.33717188967
358,179777.34712283761
359,181333.25151700492
360,159386.25256376917
368,330502.59789011924
369,287024.5629729551
373,192286.39902237421
377,219512.41266606835
383,180610.63796510076
386,218865.74845677032
387,223461.97506445798
390,177215.65045404623
391,158295.72153420598
395,157294.66581738472
397,118646.14583362734
398,111814.52338147021
401,107006.15988119846
404,118249.27791996932
408,107689.9156987319
409,129109.56962336451
410,146850.382620869
418,128166.56494144237
422,399984.26795663114
427,334200.7633505013
431,366798.46256883605
433,433033.1897890889
437,345140.3429974883
438,283920.24192801234
442,341241.26145945035
447,239715.89095002247
459,332538.225553091
460,296546.33382757334
464,215303.72216082588
465,193790.2303467512
467,182028.93919498948
468,185411.49739716426
474,183121.63318492193
480,203258.09535267085
481,205866.5615765778
483,243475.15172741548
488,182232.56042152524
492,189599.77678743127
494,191408.3501795101
499,328095.97942304064
500,283378.9813348496
501,310828.4294517301
503,270309.97584635543
506,259727.03948470668
508,236939.7888780896
511,259890.64225700483
515,230512.7869821686
519,228071.90476442623
521,255321.5786193362
530,214875.16221618193
532,203503.77061453712
534,174844.10387576214
540,176022.82461978824
541,124682.76787452222
551,150352.58552300028
552,184225.3219825614
554,100593.28348181651
555,128636.96877760363
556,119567.46636732946
557,127085.90605357743
565,256335.59694575614
566,243091.5290548233
567,173571.38009607253
569,207156.44084590874
570,192086.77470562377
574,214575.54555104155
575,283467.53911832545
576,214899.440400376
577,184539.79513517494
578,236296.45085238045
583,224059.33871851306
584,225603.18865707493
585,158298.9357187097
587,189197.05476304577
593,216191.08283170185
597,203525.51739069074
598,181823.00025071323
599,156623.91165581165
600,120019.70393867078
605,169305.54860793572
607,160168.3215307991
608,161659.22648853157
611,181575.8438302384
616,124229.03159366095
625,172251.73869046388
629,185950.31054976417
630,152839.22664390205
631,125980.54870313786
640,195953.6876883795
642,166779.83322656614
643,138058.1672755555
646,132242.47488992938
647,176081.71968404265
655,74379.92778968753
659,117925.13075946902
663,43742.86274921746
665,89294.46149502769
667,206810.9174991675
673,148605.08032637587
676,130752.0418620489
680,150782.07309328957
682,122405.28238708097
687,151697.77237392825
688,153554.9621365064
692,112826.74705739155
693,120043.04191092146
695,153935.5984096471
697,132285.23970454332
700,134510.68040134653
702,136675.27737082282
703,163246.67927978997
704,88891.17151557101
712,88858.58114369164
713,102289.90015746407
717,215850.73995525422
720,191334.3873316091
721,68420.79474510805
726,160336.1180188186
733,129550.42065791745
736,121771.44246004123
738,103936.88658606395
741,117739.07867631642
743,59155.2093670012
745,104231.28713419054
750,153522.61997167027
756,90734.46002566272
757,133415.74348221094
758,149206.4154075744
760,72401.96665327942
765,146260.23274972665
775,128326.71383987006
776,133252.33266172901
780,172659.39756909956
783,232437.54356241005
790,119374.2049258737
795,75719.42431598897
796,129111.7577325268
797,157661.6324055471
798,113201.46049585578
804,208493.3982788233
805,220934.15090191003
806,228771.64328099633
808,141387.37982318987
814,164982.9969122481
818,306283.784011264
821,289400.60370530025
822,321595.05350896844
825,280440.0068869011
827,229996.87155980562
830,203819.97319182966
834,242782.76834222133
835,199645.17670425438
842,136935.04778270374
845,203447.37342258217
852,207440.38945861056
857,135325.08034379996
858,119682.1348652665
859,135388.2864082462
860,125799.48827401086
861,112513.62382053187
864,239436.32715033452
868,192588.72771347646
869,201400.30536417317
872,274882.45392202685
873,215543.02982337875
885,121711.25235807392
890,111090.90363887514
895,97991.5129482717
899,100001.3515120109
906,131457.45027069963
918,156474.76029423816
923,147597.26312125826
925,127085.12501442814
927,131106.91340632472
932,213039.36429615945
933,123909.58586323445
934,144531.89768773594
942,83261.57615682001
947,233656.5902293186
948,247569.88226360403
951,152481.0717330485
957,424047.31819354487
958,335285.02679501317
959,233320.99549486634
963,181168.06881516622
967,202978.9918948966
968,318844.4657608787
971,178841.76710039872
972,176413.96256751032
976,84658.0840621485
978,73359.0936966853
979,97227.8516338732
984,112583.1011961417
986,157144.3859949102
991,209716.7741955793
996,218605.868002866
1001,274326.262053521
1007,201866.77110447083
1008,180992.54384427672
1009,269663.9352770749
1014,184589.5826898925
1022,209520.6661111549
1024,180358.75286877673
1027,130659.28641918226
1030,163178.10209943727
1032,148498.3996904854
1035,142391.59361580003
1042,116657.49673023721
1047,129632.26516620096
1050,102784.61988449252
1055,301039.81259265775
1059,380576.044444259
1061,342155.5319206206
1064,431204.6582127438
1077,242115.07818000604
1081,237612.9864955156
1092,255480.62329277032
1093,193718.68769347778
1095,216668.50059081084
1099,288426.1698526531
1101,307333.97544433665
1103,310050.9014169896
1109,283019.99438702496
1112,217041.5009373282
1113,233950.60728923528
1114,240052.81716031278
1116,235174.8198884909
1117,224740.13467801304
1119,276240.1565605152
1121,214186.73044301095
1122,202844.57057442312
1125,249670.24670763363
1137,169422.12092589756
1142,201060.7661162176
1144,189251.91498100187
1145,190131.56578134885
1147,177852.35295481575
1148,188275.3046165245
1149,159940.90573542612
1150,131536.6794125962
1153,113452.90939025211
1154,96663.27729149864
1159,347377.29310096387
1161,167449.83704324355
1167,169989.19217453492
1171,262781.1955392645
1174,191697.92070784682
1188,173636.93937202377
1189,176704.4676323196
1191,144321.55181314706
1195,146665.3648777069
1199,161607.81243013855
1201,195190.23633208312
1204,198920.72732506803
1211,149323.0750561607
1214,176418.2035600719
1219,139568.08039072316
1220,64276.85096671448
1227,185735.1586610776
1229,230085.22891390443
1231,137482.41813690407
1234,209892.85566116657
1235,122532.67291912058
1239,153696.3328672544
1240,165394.21234055498
1241,181578.46405415473
1246,116666.7961317581
1249,184390.3381559039
1250,123767.34264720272
1252,156839.7063612092
1259,159275.04437451597
1267,133232.93981146574
1269,119390.51488432848
1270,137902.85173588467
1272,105791.06079694975
1274,144152.1501239142
1276,138764.68217146568
1279,143323.9218140386
1281,177676.64399802525
1286,151832.8276354
1287,129816.05187967801
1290,73869.83597992483
1291,138825.70628916554
1297,161245.0604378869
1302,145362.4821268668
1303,30729.739486729464
1312,102540.7093606701
1315,113279.225269549
1322,54723.87012036964
1327,94567.74185721597
1331,124321.19002473986
1333,108743.85376765234
1334,128116.8001858869
1336,138269.35717794753
1341,129355.2655695125
1344,85974.62091576848
1347,129209.18057848493
1348,185627.61135917428
1353,164622.13728169183
1355,127107.55963726579
1356,145410.1247496016
1357,169252.45948208694
1361,122117.71835162456
1364,131282.95353857818
1368,109697.70227216493
1369,94057.4334144936
1371,135847.9380552964
1373,132796.70642029648
1374,133352.25410370974
1387,136705.96572521693
1388,97660.96947345042
1392,144698.8174026504
1394,133878.8349483324
1406,169863.8617757168
1407,239163.38424901298
1408,211317.81732909376
1409,158739.89051094907
1411,153790.95392772084
1412,107946.00477097218
1413,143006.0208080581
1414,121409.53073730573
1425,239647.96644681928
1430,193376.37348220477
1431,226167.52515572592
1435,228247.9621294257
1441,222442.95709544027
1444,223787.75655649274
1445,121036.58405271158
1446,122336.48967880318
1452,109929.42249499286
1453,108700.24194543694
1456,232190.42215206617
1457,219683.1850074135
1460,239671.5884657284
1463,238145.84077975657
1468,219296.02777299032
1471,218463.9537726815
1474,207542.2481412345
1475,197023.89500141202
1476,208873.60097680718
1478,206892.21042669946
1482,164059.61182275973
1483,178429.08115824577
1484,164480.8444255383
1485,178544.0246288862
1496,165272.73011981687
1497,141984.1593033654
1500,165538.99771203691
1506,130532.57763150203
1507,115338.93543101333
1509,124274.21159853175
1510,121525.4852706833
1513,101868.76235666685
1517,135431.37195954812
1518,179323.77139192808
1523,200551.84305267822
1524,129934.43740763041
1526,144952.56429406744
1529,191072.96280086078
1531,170707.56914752064
1535,125296.94101409907
1536,138610.58041250176
1538,313962.4518193528
1540,241964.47558809328
1543,120480.7612287357
1545,114464.91487452715
1546,127503.72128270898
1557,85361.87473958688
1558,108473.93192348839
1559,95613.88372058884
1563,274244.4698032943
1568,169490.02460598893
1571,371950.76502952905
1578,152654.66504158787
1579,236099.41628942927
1584,248173.88416578353
1586,302973.40400969307
1604,120085.79976851107
1606,141535.3202947498
1610,177644.2739539462
1611,171838.97575602712
1618,169257.6453440907
1623,193593.04674210172
1624,179465.6690675739
1628,192137.90025292762
1633,260015.7357612463
1645,160677.32409063948
1649,211027.9287194519
1652,151691.68715346267
1653,150082.5785413126
1656,151233.9046183794
1662,183241.3529540138
1668,104733.66564634815
1670,89841.09648310242
1672,102570.36147340208
1673,150920.25054974126
1674,173490.8486261579
1677,114423.1768078949
1678,135407.7522555831
1679,114437.82362487324
1685,370587.645685093
1692,394479.1611068223
1693,330031.4155604978
1696,413124.64148706174
1709,316334.7852075271
1711,305655.45783032087
1717,233125.63704213244
1718,224255.23233015995
1721,254267.1192700613
1722,248571.3328350738
1725,317096.3165728325
1726,250843.5247345726
1730,189753.96399293566
1731,194487.55639197098
1733,210552.26393529106
1737,199476.5941994475
1746,241735.0149075408
1747,214412.57226449912
1748,204993.7216875632
1749,213334.62405271208
1760,181486.9546092305
1761,457625.44364112
1762,337133.7759584685
1768,473720.87755215436
1769,260695.05116870443
1770,297094.45539518783
1776,196765.683058296
1781,346775.57788630144
1785,283591.0680458514
1792,212347.1741519461
1798,243062.20167992054
1812,185449.47014934415
1814,242161.9457206615
1817,133021.87759479892
1818,180836.09755198608
1822,128467.45428154856
1823,140925.59926280822
1829,254579.78972172856
1838,206193.9588659412
1845,175298.582151728
1851,177763.49259692885
1855,255866.01541707147
1856,184930.1157343489
1858,222292.86760494017
1865,210421.45546135955
1866,150606.50895145626
1867,158847.19366528702
1868,198143.60769608646
1876,134162.43074169106
1878,149010.51443939647
1879,139706.8248385448
1882,140867.32051478204
1883,119593.8778869173
1887,99637.77850268477
1895,143707.45747385963
1898,150108.79859052072
1904,59023.12319057743
1908,155478.36156952786
1917,143456.9587643781
1918,137530.73624780116
1920,129376.24090680461
1922,122141.74528914495
1923,160220.9672889356
1931,148872.0558780242
1935,132388.5370555192
1936,124286.70344782907
1939,129786.29422364113
1943,124600.44279017816
1944,122588.61792301817
1946,233325.02225389113
1952,100655.17177835881
1954,104373.69368932958
1958,128204.903862715
1964,140606.25574741166
1966,133945.58103444648
1969,105550.77350632715
1977,113445.55683711369
1980,93786.27602938242
1984,115171.89305391589
1985,80563.01438878312
1988,101528.83863279573
1989,112602.64196299588
1991,132669.15671547694
1992,125765.44468731662
1997,130698.14652852822
1999,204037.72747930948
2003,108197.72794265875
2005,131041.36215985581
2010,126219.13897363267
2012,133389.35835185318
2016,132793.1350616987
2017,121174.963320885
2022,164393.1862567945
2023,154448.92420930558
2035,125622.88288626533
2036,196834.51378554336
2040,111758.22531278682
2042,157572.57081015964
2043,79287.35941367477
2055,146924.89779367758
2056,103031.70179384011
2059,105665.82697109455
2064,116372.43613324658
2066,203678.64108615913
2070,156830.19402492308
2071,102624.8185130377
2078,231164.90611633667
2080,151223.2166607769
2085,123477.1251461627
2089,153845.21639460523
2090,187193.7876270711
2092,236297.65194167223
2094,241583.0968290554
2095,211452.2289570741
2098,337774.4828164871
2099,252256.70356716475
2103,253388.92207353076
2120,138220.59865470408
2122,173623.33763996352
2123,175541.9476221348
2134,194286.38358278712
2135,114407.49959698555
2136,136810.72480912914
2143,163428.97176311526
2145,256042.59242249653
2146,235033.33953985048
2148,198657.09956997054
2155,277201.9083803275
2156,247581.64244852168
2157,154469.88414617168
2159,205238.9430615087
2161,194446.86936879542
2164,197146.20982569302
2165,187403.5709130561
2169,146359.06238783148
2171,117499.45437847624
2180,156944.27188872793
2182,484591.4903495362
2184,145270.5501988876
2185,99220.34619424962
2188,76251.59114513747
2191,112271.09711574178
2192,88554.24109743789
2196,175778.13252474528
2198,92975.95874729358
2204,170158.0488665973
2210,164802.83640150848
2213,155557.47955865442
2215,275123.941523329
2219,245653.5931231471
2221,229734.0509637224
2224,200685.35099322713
2228,181959.41241938015
2232,124977.7530250414
2239,111808.12438201696
2246,282388.9779517158
2247,276700.0121422634
2249,155841.3346551781
2251,185193.5105910144
2254,142959.38236568496
2256,218469.08018490634
2259,232328.57006017995
2263,273592.16350927367
2266,208527.43188420858
2271,188646.23105031817
2274,232551.40170747426
2275,305382.5928644138
2280,154891.1093399087
2281,171200.74460353932
2291,84027.34840490986
2292,165683.5942304936
2295,209828.91691329706
2297,92105.6938489852
2299,130064.87594250159
2302,123985.83115786267
2303,111605.01656664553
2304,105432.904580226
2308,186531.79683447353
2312,214256.09601001063
2314,175204.86810087584
2315,176430.4815250769
2316,207759.55840832496
2320,247717.47877060878
2321,279538.1631410862
2322,256023.96346413915
2325,171970.26662714864
2336,399135.5214216922
2340,341887.18075566186
2341,326814.33178384096
2342,412974.1898665419
2345,231030.62415408908
2346,188750.33295450013
2347,160818.8706526642
2354,242888.23882365186
2357,179478.05881383558
2359,149124.76105171238
2360,133130.50790545045
2361,91590.50662311696
2362,81878.80696070092
2366,132205.76087539515
2367,106651.77728018118
2370,117239.7171851738
2373,114074.14818299779
2376,125897.04824061292
2378,148485.789754614
2382,270387.5988918929
2387,315539.7664613654
2392,370755.0379845414
2395,337255.1070810604
2396,365040.93716620805
2397,309324.7262800963
2399,358433.26552532986
2401,393105.25579711323
2402,292732.5342664069
2407,238038.99711941107
2411,191307.34653699884
2414,227790.66480315628
2418,263804.81978235097
2419,195205.06838588632
2424,189219.61760552754
2427,201720.15738442805
2430,240723.94020351494
2439,207618.6315786697
2441,244029.58642025437
2442,220682.3979845461
2446,447254.01078431925
2447,372226.25882446184
2452,326131.7379451328
2457,314716.10646654986
2458,274620.6532293257
2462,337579.15097646764
2465,196962.7463035335
2467,197770.18120355258
2473,149582.65602996098
2478,176771.91008397166
2479,170429.8914998729
2482,158583.39723799282
2485,123671.27035208335
2488,159702.60930798
2494,113791.52779583562
2500,280917.52198253706
2509,162368.31989797452
2512,190938.24280373743
2514,165495.4967269602
2515,188347.93887714445
2516,208472.0107013107
2518,162446.86277890517
2519,226976.12396048784
2520,196017.8202354675
2527,171029.2836493296
2532,130112.66881436997
2538,120279.33245268768
2539,137549.3718218137
2543,121127.36211521598
2551,135002.75275955166
2554,119601.43735224695
2555,97662.12238202001
2557,94760.11843954744
2561,130608.4677770905
2563,178676.86789120475
2564,141399.1008799779
2570,108497.60609533594
2571,288578.9995010484
2576,143697.29477643536
2582,157978.1961436067
2584,158231.24575729907
2587,117236.99349742867
2589,121163.76345288439
2591,246389.22139837264
2597,111599.01729900681
2602,154888.69063365724
2605,166527.22396676394
2610,172821.55494001313
2611,142045.42691074664
2614,130146.02924119814
2616,202993.86149215026
2617,188471.32136726085
2620,125229.99681136926
2623,93694.71787796154
2631,154770.35137262716
2638,133024.779065597
2639,125228.18619809642
2645,138945.2319815806
2647,70565.75856747369
2648,137674.04671530813
2650,111623.25995423019
2652,120967.31292888598
2656,106861.00157204502
2658,160454.36122745625
2661,182119.47866278366
2665,159269.68319488547
2673,156466.3453609679
2678,87823.07581067391
2679,85754.28423800635
2680,56523.32803456264
2685,97001.2413973271
2695,120537.2525165067
2698,97937.78684836606
2700,165432.92897918087
2706,137100.02169056988
2708,143582.02369956538
2709,148638.5234406248
2711,125647.39810927835
2718,152756.5226895298
2719,160834.39669434004
2721,182536.33577042716
2725,169299.62851647974
2726,208687.20431101066
2732,207630.8518363174
2733,130704.96148974317
2739,185194.74914429628
2747,178035.1878985023
2751,219586.59444583268
2754,205966.2041572036
2755,227046.44207836705
2756,207737.04198568454
2758,235483.02950456683
2763,199848.6932607187
2764,233726.10846949942
2765,173941.77541682695
2766,194134.40274837395
2768,169573.91374258717
2781,220776.9606439664
2784,173097.11060501682
2785,128478.26831339393
2786,118167.3776234122
2796,227622.99534934256
2797,264421.8296442984
2801,228704.58214748825
2805,249196.38491624134
2806,200844.14138397854
2812,195169.11947327317
2817,129613.47692352731
2822,142875.59317470624
2825,229157.0312506353
2828,176187.24260485626
2831,165120.09448849532
2843,131403.51655344322
2845,92678.94015313161
2847,170082.39282159464
2855,166020.4041485797
2856,152328.7087731073
2859,143763.48240521547
2865,176648.43203403117
2867,173954.91193452547
2869,182441.85351285068
2870,197364.1086396022
2874,138674.2434891515
2876,77254.96383888306
2889,159370.11176305017
2892,291297.51399144763
2895,222989.75388057486
2898,211693.50906328805
2901,297738.6743406085
2902,318970.1340183002
2908,126629.73863923515
2909,109034.23924624373
2916,157501.5680233408
2917,104276.67530521691
2919,68917.87178660532
2921,76508.89226409514
2922,189892.3292808933
2925,176226.33899860323
2928,109085.1804038401
