Id,saleprice
2,-529582.6534106017
4,-309331.9950529105
6,-415588.1292843464
7,-22881.22646933148
17,-429025.2930061345
18,143418.27905976737
22,-345694.2307381876
27,-478413.9746704065
31,-530592.5573717935
36,-464858.4194222865
39,-15664.168207735434
40,-226381.0997389038
42,-140602.67851314362
46,-197450.5223666223
53,-403787.82855627505
58,-394274.51443135535
61,-73149.13327827287
72,-315126.14826675924
79,-475926.63126295625
80,-415978.2437044875
82,-486493.8112229957
83,-541547.9766676328
85,-514062.8215059479
88,-520560.21132262825
92,-129971.39760209416
93,-131103.93125172524
95,-398467.32579415565
102,-387412.3209101017
103,-357638.44984936836
106,-342903.27030480513
107,-327501.79082087806
110,-331466.0251693968
114,-412279.5611280476
116,-404573.2916314413
117,-462381.2363976258
118,-432569.00628803315
125,-402307.7718283415
126,-466879.00425913226
127,-429670.8772751978
128,-473699.4058213061
134,-475649.6828257291
135,-386099.8902320556
137,-431212.48481003725
143,-471703.80252401443
147,-471744.46804057964
148,-395070.8185445
150,-668515.2907121289
156,-451656.1182467165
157,-462690.7882470019
159,-540541.8291502306
161,-420473.6309361923
167,-442315.39160640416
170,-531510.6119951981
171,-568852.6629373976
175,-631066.1766473716
179,-644744.3877861248
181,-520560.66959535104
186,-527952.1019543705
193,-450819.39678986004
194,-475461.9981802223
206,-627692.4188064837
208,-661701.3883793594
210,-488102.5396283374
211,-430777.2023912189
212,-663094.122214165
214,-528129.0504332499
215,-528240.725261867
217,-674161.5076126351
222,-450670.1581784089
227,-473585.6077200255
228,-433164.0014175118
233,-354310.5607310606
235,-691580.2629522497
238,-528255.7937328573
241,-490120.2453002602
252,-413539.0634475876
253,-391292.4146181617
256,-431031.19312291994
257,-356891.1936224022
258,-425482.3537586432
259,-441210.29889211006
261,-501076.6326000061
263,-439257.2886642726
266,-370235.98152821715
267,-421271.35556912754
270,-430915.79458412324
271,-347318.0356487588
276,-546262.5494236494
285,-562664.0162344826
288,-562498.9307664281
289,-422121.74601386354
290,-432269.04646853585
291,-666138.5896150582
292,-459352.310657822
293,-548912.8189689429
294,-408373.0563997556
295,-517784.2500075077
304,-434895.1843760268
322,-96172.22715219087
326,-434793.4185067609
327,-505564.51505391585
328,-391392.0438475052
331,-434608.50271720294
332,-473362.88542228594
333,-506909.2797979714
335,-487461.3438449727
337,-513511.26292740233
342,-511051.97994567576
343,-420302.5694326101
347,-417636.83656955237
350,41236.59579856909
352,-38587.8954579476
358,-375649.10358139063
359,-427475.93637693004
360,-444323.434205293
368,63110.15537542163
369,41190.10789453515
373,-418501.5782949217
377,-444815.3137983209
383,-399013.35924349754
386,-374028.0629357504
387,-359736.86494789744
390,-428235.2430148796
391,-451989.40341737325
395,-446059.7079605165
397,-482668.6756815274
398,-459238.9338990065
401,-488213.8304132189
404,-559011.2172625803
408,-493653.9343183928
409,-466692.1967268291
410,-471688.58693768125
418,-473206.1140371075
422,-24829.640931926522
427,-82544.44965182198
431,-39059.11024894842
433,45586.077195648424
437,-92722.78584389802
438,-208201.92737651803
442,-74555.83438111248
447,-246563.0149896338
459,-74584.09406502784
460,-126251.24195120548
464,-297421.7033977702
465,-424528.27257504925
467,-431096.5144369244
468,-415183.39042343205
474,-399864.8145597453
480,-416723.55428183806
481,-393458.3208992016
483,-234154.01430496835
488,-450478.74102983234
492,-410738.60271920956
494,-395827.6649475963
499,-94392.41459452175
500,-151745.95423176303
501,-40908.112945634115
503,-134274.5087055444
506,-158508.99104562303
508,-319969.1612353767
511,-276009.48077850766
515,-328200.0853519361
519,-279608.25764789566
521,-309696.9202525446
530,-368543.27513269306
532,-363424.9021733971
534,-431005.0749708383
540,-430991.678711215
541,-425428.84348508465
551,-439714.0411115187
552,-631780.1223972819
554,-469268.67591864016
555,-453992.2565572508
556,-500391.03012017725
557,-495686.2918481186
565,-151022.31147598615
566,-415042.264340253
567,-353853.84590887505
569,-321894.08593753824
570,-334579.7057923705
574,-367186.81296529964
575,-220356.7359266691
576,-342159.80700580135
577,-443071.7324705553
578,-455078.10015956085
583,-396332.55681772745
584,-373408.85585898784
585,-441704.55755862995
587,-405533.77836134966
593,-400940.859698911
597,-438446.35107993224
598,-426974.4144117408
599,-443531.5796931873
600,-438403.5549302367
605,-513456.85640668456
607,-437058.2433733902
608,-424304.23944037623
611,-400574.6701554916
616,-442393.2622500513
625,-436578.62118743145
629,-497407.66408510663
630,-497598.66388384596
631,-469443.09905028803
640,-379964.5364880558
642,-522007.0931617121
643,-412975.7431269872
646,-594175.1048455006
647,-486919.06674537115
655,-448268.75896011404
659,-441066.1313575628
663,-689858.6118891356
665,-525091.2843880989
667,-514235.6003772966
673,-451647.5149336354
676,-469151.95042068587
680,-485137.1637384765
682,-532419.090753508
687,-469885.25475840044
688,-511442.1959203276
692,-540866.8325664036
693,-528158.0226166255
695,-503215.5300551076
697,-458495.1823522241
700,-662391.3853427684
702,-605744.0640499692
703,-469539.0679410238
704,-536906.4837670838
712,-562318.2418572591
713,-661443.146275711
717,-504371.80736381543
720,-488288.8624609991
721,-507403.04557767016
726,-494570.7568146956
733,-591465.6884563509
736,-499583.04456498934
738,-498333.80088254757
741,-495864.6553803628
743,-901477.9982196565
745,-502737.13080901647
750,-439162.6045902684
756,-516102.9091511791
757,-567167.4307637434
758,-497937.21776962775
760,-527258.0746253026
765,-565199.096169461
775,-434840.759407295
776,-459472.4978280877
780,-434927.80810782866
783,-277579.0111273539
790,-521810.56070459535
795,-644015.014888938
796,-529622.6084763566
797,-573532.4081534245
798,-580914.3880630967
804,-417430.0043535333
805,-393490.4630045208
806,-403857.7360673402
808,-619020.2618593911
814,-529895.4465460251
818,-378668.3513237773
821,-202556.44314584963
822,-136311.90148876316
825,-288854.0106479352
827,-353207.11971450836
830,-366037.808427736
834,-286706.28180240793
835,-427759.38970710704
842,-433306.9723489042
845,-380583.6893220605
852,-387986.88373377203
857,-404982.5385632491
858,-451685.35563779686
859,-407834.073078523
860,-440092.8457586023
861,-482719.19208271004
864,-401848.84904890583
868,-442269.9413630006
869,-438573.3798420135
872,-286327.85057962243
873,-370609.46578939067
885,-554196.4317906874
890,-620257.4177356581
895,-501032.6042229478
899,-866554.3861186595
906,-466567.5340324677
918,-401056.7709982637
923,-393208.33069489634
925,-395171.0102521901
927,-474963.86019365495
932,-392789.11334886897
933,-503149.78658606386
934,-460597.4565877354
942,-535740.3284925632
947,-377778.25399911584
948,-336149.7303129586
951,-430777.07370256406
957,-297248.7683696167
958,-79282.7916452158
959,-293749.2256904629
963,-399286.01916259906
967,-418476.16794905165
968,-181020.85199119756
971,-584093.2664872115
972,-396821.8925529258
976,-473327.1230143081
978,-481647.67464432766
979,-470253.23156333127
984,-420127.00790993747
986,-436579.34588631656
991,-413347.88002514845
996,-338577.6549478271
1001,-45500.89225489358
1007,-432974.3346787446
1008,-444063.5195659943
1009,36948.50324019443
1014,-522088.4822819996
1022,-416051.6573008056
1024,-407868.5619621247
1027,-460784.6103417278
1030,-459467.90215637983
1032,-446838.75452661846
1035,-459246.5000083404
1042,-515696.8069760475
1047,-466940.51352253143
1050,-504064.152358607
1055,-153692.8979690125
1059,-65400.846706136595
1061,-136056.03183966043
1064,94223.98141698429
1077,-256744.90711336012
1081,-304308.96677215525
1092,-205850.89899330703
1093,-432998.89640705014
1095,-385041.8642770715
1099,-137906.48287860712
1101,-101835.970645072
1103,-91032.17832764692
1109,-122629.54896467074
1112,-335963.9004844619
1113,-322108.329698115
1114,-286538.6645266399
1116,-309004.17125410796
1117,-261168.91747144487
1119,-249318.62576663372
1121,-326305.2179678551
1122,-321886.32988997194
1125,-334828.0955953271
1137,-418089.1976725114
1142,-412491.50870428217
1144,-413472.47963263356
1145,-443523.22489457525
1147,-453739.43082457787
1148,-405142.9888273598
1149,-434909.826451159
1150,-447323.6798533316
1153,-489065.4082621076
1154,-526816.1198960401
1159,-23353.37813762136
1161,-408282.60726329737
1167,-378447.73985708266
1171,-257293.68357835512
1174,-347365.4633131262
1188,-439094.52889253787
1189,-409538.1063644399
1191,-522361.8579193148
1195,-437580.4334898105
1199,-484857.6260696315
1201,-357189.671982386
1204,-464048.51050799753
1211,-464034.0415618873
1214,-402146.9966804812
1219,-453646.23572109203
1220,-484994.23768676847
1227,-408194.0504208833
1229,-347080.3094384615
1231,-442594.6500775122
1234,-425623.1050307656
1235,-460291.3697679396
1239,-463281.56417038647
1240,-409742.2436647196
1241,-470422.4627232083
1246,-439218.0049693562
1249,-458364.9047404703
1250,-467463.8860220478
1252,-472635.88600481226
1259,-409607.7386139407
1267,-465069.54913078964
1269,-478614.87072292407
1270,-524370.3258345763
1272,-487222.86169926455
1274,-450518.1177012894
1276,-398101.7827324571
1279,-453069.97295960056
1281,-451143.2983374121
1286,-451084.82678489684
1287,-520459.80602137995
1290,-564358.2068015381
1291,-454543.8821210266
1297,-550430.4748996978
1302,-470428.0539267803
1303,-485245.3666667253
1312,-545014.0738843326
1315,-539158.6326498045
1322,-782381.1662080283
1327,-543366.1785604027
1331,-480807.7771588531
1333,-543660.9526129682
1334,-492437.7391330561
1336,-407128.28253198304
1341,-434838.2118274037
1344,-554934.8340320622
1347,-516450.06137351744
1348,-523938.7734435788
1353,-443365.80048487923
1355,-474100.75099410344
1356,-637510.0438899624
1357,-418186.397245325
1361,-529328.3640321265
1364,-498154.8308074576
1368,-537447.8652163988
1369,-581567.2100360459
1371,-515526.86566010845
1373,-505437.4978666566
1374,-484450.58162924746
1387,-536680.0713685132
1388,-494252.71685016056
1392,-498851.6758842143
1394,-551350.5472678074
1406,-455885.0948278048
1407,-357798.1189296472
1408,-568156.3624415318
1409,-541969.2316397524
1411,-490922.0892631384
1412,-508496.30762632244
1413,-554644.1006258868
1414,-524070.41097953235
1425,-360827.5302062317
1430,-333884.89895721263
1431,-318568.47549108486
1435,-323235.69470911846
1441,-371325.5308344701
1444,-389892.8537766595
1445,-411365.76471365505
1446,-472127.99320652283
1452,-462695.98589238414
1453,-471496.39683085104
1456,-380480.23678215645
1457,-428217.3232436224
1460,-413207.00028055935
1463,-401992.9948854888
1468,-390819.31590408034
1471,-328608.33037105005
1474,-409967.67817551066
1475,-380268.1035501195
1476,-383016.6866710148
1478,-379238.4027783332
1482,-418050.08874667314
1483,-362160.6832449297
1484,-418047.82594124734
1485,-361575.64017819
1496,-522598.1759875231
1497,-505804.13626601076
1500,-483525.3765324202
1506,-469011.4640240246
1507,-636999.1614268404
1509,-542927.0834117234
1510,-542563.6961920548
1513,-571387.3847138127
1517,-677330.1842577311
1518,-419298.34928043693
1523,-443435.9520949056
1524,-482845.0342545063
1526,-522076.44617543515
1529,-468288.8653648969
1531,-418896.1418185379
1535,-453878.17022030364
1536,-482869.136037611
1538,-344036.09106620715
1540,-357610.49481242424
1543,-474221.2100472636
1545,-518885.1173400941
1546,-535098.5455005753
1557,-520746.4280610071
1558,-680248.9687591258
1559,-726918.6138701667
1563,-194314.83337006497
1568,-428128.3307183275
1571,-245651.71357603034
1578,-408143.8723834593
1579,-281142.4870850066
1584,-304255.29161907034
1586,-240370.638857453
1604,-439700.4313565321
1606,-443385.14316227584
1610,-494901.2093559765
1611,-559271.5155406578
1618,-442191.53432703234
1623,-415693.8254462106
1624,-444869.45075125835
1628,-425522.06543370365
1633,-89458.37665212702
1645,-431112.15921766456
1649,-420973.1345739967
1652,-446289.13708088006
1653,-459012.2793911483
1656,-516387.19720523065
1662,-436120.17978718254
1668,-491450.90036376595
1670,-512638.65507360495
1672,-490130.71208319376
1673,-464035.0417531374
1674,-440931.47512380715
1677,-522656.7677504144
1678,-455777.5340460997
1679,-518249.4814435639
1685,35132.08498628531
1692,699.6346880769415
1693,-137872.8664307511
1696,48641.425741406274
1709,-203301.6302345136
1711,-192052.69216099533
1717,-215112.18689527508
1718,-243404.94496937958
1721,-236113.6324172106
1722,-236125.3273377953
1725,-105722.54542954563
1726,-228466.21425391437
1730,-402793.49757557997
1731,-396047.0822241292
1733,-364779.23009906773
1737,-369076.78932221903
1746,-337114.7328406286
1747,-327921.5601839741
1748,-361687.6983551279
1749,-404727.3338151994
1760,-446773.79537176987
1761,264.12819071655395
1762,-73205.40267059114
1768,86815.64290245435
1769,-109978.42808291654
1770,-120063.69029125688
1776,-375764.65107174014
1781,-110361.38741397473
1785,-110663.48588988424
1792,-370626.13191485376
1798,-351354.976250878
1812,-430404.38669330423
1814,-312373.9212137854
1817,-414432.65440828906
1818,-644759.1150190926
1822,-474962.22659393825
1823,-660218.9906689003
1829,-329737.2438628407
1838,-312344.04053653165
1845,-392036.3680883464
1851,-375032.4639296603
1855,-303272.5592258514
1856,-399682.858718503
1858,-369364.23140830646
1865,-420927.7413758557
1866,-434465.3227673609
1867,-448999.0743283217
1868,-396393.8207266627
1876,-466341.8953569892
1878,-508868.3628289657
1879,-556840.8635819382
1882,-431386.2009495801
1883,-479472.4270767741
1887,-579445.4587294045
1895,-504752.72087296384
1898,-440904.78037411236
1904,-663190.017381365
1908,-577650.765841774
1917,-451507.875072946
1918,-631750.0065111765
1920,-469698.88151195174
1922,-489210.4874259908
1923,-469831.18684545363
1931,-407022.7326830496
1935,-456319.88416109345
1936,-458708.4051895908
1939,-445273.45332634606
1943,-494288.117773001
1944,-472315.84649302956
1946,-508404.10769889766
1952,-426447.32059493026
1954,-492549.1853570084
1958,-478153.935050972
1964,-446078.25771727326
1966,-450821.45379246055
1969,-584557.6187467508
1977,-712158.6394694147
1980,-509320.7889556222
1984,-540147.6253051104
1985,-473938.2627273193
1988,-457330.8515736482
1989,-477341.18668705114
1991,-517172.66167302284
1992,-519853.00537582074
1997,-499241.2868443878
1999,-510263.58784490294
2003,-446355.6338115432
2005,-613983.3569901583
2010,-405722.84714632126
2012,-455335.56560087093
2016,-421124.5410207734
2017,-452642.3946477221
2022,-521263.1392208058
2023,-491728.72015311307
2035,-525716.8753585047
2036,-468078.1205579206
2040,-487929.97677418316
2042,-802293.4383499322
2043,-501341.9624318537
2055,-392809.83567562053
2056,-492697.5999471662
2059,-504371.2180258196
2064,-512735.4940036281
2066,-564799.9160266893
2070,-497418.6945361961
2071,-753390.4895626956
2078,-408867.0987148756
2080,-523692.4335473427
2085,-529994.0895579702
2089,-489418.2871569695
2090,-535161.8244836996
2092,-443329.46180241514
2094,-363295.67255853576
2095,-431094.4981259624
2098,-200963.41867790621
2099,-332529.21675002616
2103,-332530.39241973736
2120,-422176.4263858073
2122,-395608.0492936022
2123,-421157.73900912394
2134,-441081.6752227017
2135,-474912.2810118822
2136,-436439.7761990331
2143,-290514.8545105521
2145,-346065.41391153896
2146,-422213.6714878205
2148,-410830.5463415252
2155,-306855.49958058004
2156,-390591.1318559214
2157,-430929.76227857376
2159,-413122.727010003
2161,-409676.8889929348
2164,-383806.79073325597
2165,-385393.94309842034
2169,-478099.0467652515
2171,-492171.78958063835
2180,-506035.5740670368
2182,-155636.47580883902
2184,-696302.2790661403
2185,-763411.1790825371
2188,-518424.66156877746
2191,-604713.917532847
2192,-551795.9523759652
2196,-525893.6330202911
2198,-423671.2626467719
2204,-434504.50739585777
2210,-483551.6153742567
2213,-399426.02240918676
2215,-338838.62801288185
2219,-463266.1799979577
2221,-346281.18558407616
2224,-399016.66726118204
2228,-398204.01604965545
2232,-655113.5127895195
2239,-528699.539409861
2246,-191219.42460109683
2247,-223800.87628093606
2249,-383065.8207608767
2251,-396121.9837287219
2254,-372716.2150570597
2256,-349198.0965004407
2259,-394395.1607294102
2263,-207482.25930045958
2266,-362805.35349761177
2271,-381239.33678736753
2274,-310621.279488898
2275,-130298.55847735051
2280,-415207.13654605666
2281,-307995.6682390447
2291,-508920.4428111398
2292,-420052.21632444
2295,-477086.4836857651
2297,-477056.9459340745
2299,-493383.6010438416
2302,-422489.66476455546
2303,-483152.36526172777
2304,-446435.3637635436
2308,-416295.10335000855
2312,-443628.0221465631
2314,-452852.9354145476
2315,-457792.5324949151
2316,-335129.79463669483
2320,-305323.13685439085
2321,-246901.46724520117
2322,-262630.9875952045
2325,-448626.80907685106
2336,182503.13421329873
2340,150594.9060714036
2341,64249.1222895424
2342,297933.4506742077
2345,-423077.2398428348
2346,-442301.9330940197
2347,-444853.9135800482
2354,-311849.76812027843
2357,-453065.5107491487
2359,-454855.96466906316
2360,-462384.25678149523
2361,-497683.24050728435
2362,-469915.17087112187
2366,-531033.5614548135
2367,-526541.2573799936
2370,-511868.75121321966
2373,-524683.9313173685
2376,-460918.5771825094
2378,-458252.0655655809
2382,-257584.9054034364
2387,-194476.5817373182
2392,-32468.951738525036
2395,-106756.69831715728
2396,-45844.1385297933
2397,-154753.73296934937
2399,-24473.64055084705
2401,-46843.92322352904
2402,-186359.97662621533
2407,-237007.30291915592
2411,-371153.9104598895
2414,-357308.6643536614
2418,-359332.0432771076
2419,-409094.1054353484
2424,-417948.43445297267
2427,-319579.9880166414
2430,-315751.98379677214
2439,-420699.2348482683
2441,-380499.4555923553
2442,-416797.48778779124
2446,29448.49750351766
2447,-10298.145505699911
2452,-45983.81464853638
2457,-165106.76431770058
2458,-191693.95374179108
2462,-232076.87565643346
2465,-365684.9000265757
2467,-365684.45667297527
2473,-390552.9547199405
2478,-459707.56169896416
2479,-430504.70622985886
2482,-434934.3843661899
2485,-448666.04109229526
2488,-524029.31209417776
2494,-477217.793370773
2500,-163952.8469351582
2509,-408924.1246216845
2512,-361275.4612257556
2514,-397923.9417799109
2515,-379974.8523944128
2516,-351794.8909425574
2518,-434188.6597151759
2519,-295047.4766412233
2520,-326914.4851735108
2527,-449051.4246271005
2532,-442330.59513483086
2538,-481641.1065891601
2539,-449117.58093991195
2543,-490002.90314508945
2551,-449407.64715384174
2554,-479418.9755134618
2555,-498696.31914289185
2557,-494105.8796727806
2561,-453778.50589048496
2563,-604013.4105632291
2564,-548349.8953747698
2570,-543397.9424614548
2571,-413667.3960908186
2576,-466242.4124311342
2582,-386337.04409098584
2584,-478554.61194065557
2587,-521299.97827473766
2589,-467754.05850768514
2591,-446021.5831551124
2597,-484500.25272917567
2602,-466321.4024824785
2605,-621393.6002968228
2610,-444037.7601239072
2611,-480667.23898120533
2614,-463947.43330067775
2616,-478132.67008138594
2617,-509892.83594629675
2620,-436798.7781659682
2623,-559006.9645251422
2631,-468597.0158149006
2638,-475844.53229792457
2639,-627179.0203630019
2645,-763531.4721867202
2647,-575616.0090235805
2648,-465137.24404832715
2650,-554356.335210254
2652,-481427.5020660739
2656,-425700.28576978523
2658,-742657.6366810468
2661,-437919.7595174647
2665,-525712.1467591908
2673,-437353.9544776644
2678,-418973.51403998927
2679,-547443.1718973729
2680,-587091.8245101378
2685,-501261.67612118024
2695,-515532.8803258626
2698,-528845.911394417
2700,-599234.2598937962
2706,-476827.3059269571
2708,-484358.5011741708
2709,-460184.77896384016
2711,-496684.41643061984
2718,-571328.893499871
2719,-548839.9942610911
2721,-485117.75406175904
2725,-447742.9028141513
2726,-425241.60473321396
2732,-339616.85623739124
2733,-516532.7415085724
2739,-481566.8488789759
2747,-445222.361164053
2751,-387376.8389026982
2754,-373155.18138344033
2755,-358550.7556872167
2756,-386569.1413968036
2758,-337316.9683603261
2763,-433826.20042235526
2764,-398261.50254192617
2765,-464474.2407383344
2766,-324457.6496499097
2768,-422906.972296653
2781,-397207.8198190706
2784,-340579.28864971007
2785,-415323.62483784166
2786,-437551.29415505525
2796,-358190.7767304979
2797,-368566.2299450654
2801,-395464.89675900916
2805,-313234.20424236753
2806,-388342.75199822435
2812,-437997.30816886754
2817,-638752.4828698011
2822,-481617.09627837274
2825,-469081.04691035283
2828,-455223.1581054844
2831,-585184.3131959022
2843,-461108.0976965195
2845,-624150.3904032961
2847,-453525.6373543791
2855,-422067.44332377455
2856,-417533.9850200824
2859,-578988.5713886905
2865,-460051.5189576863
2867,-388526.2203739989
2869,-416071.34225195524
2870,-430422.445697386
2874,-466873.6370200124
2876,-723179.7048971122
2889,-401958.8590544826
2892,-289813.55696417287
2895,-411500.36408357247
2898,-430730.4805521232
2901,-244367.09373334906
2902,-196210.31944243738
2908,-437816.3310982837
2909,-490859.70046472346
2916,-438857.15248032956
2917,-360463.734622732
2919,-484186.69294364174
2921,-524583.1604106359
2922,-456859.3227697763
2925,-409391.3081432812
2928,-445820.31952281593
