Id,saleprice
2,-883477.3895566772
4,-797596.524534562
6,-809384.5312965823
7,-802523.1425232135
17,-824313.1050122243
18,-761577.8164636785
22,-794886.0593394403
27,-882843.2154481354
31,-882836.4281333169
36,-845189.71110052
39,-580441.4292897115
40,-687494.0835701762
42,-649922.9138183447
46,-685035.3418546239
53,-813736.2074242427
58,-813997.7198133278
61,-783553.5073534717
72,-808591.8368122114
79,-874965.2269257546
80,-823365.0630423353
82,-845126.482925782
83,-883826.6323852708
85,-857153.6197271519
88,-883441.3756376827
92,-782753.8241836579
93,-773622.1247282166
95,-825093.5119300188
102,-825417.8696087769
103,-823868.316884247
106,-785745.2758214609
107,-797479.4912613945
110,-797403.3932846547
114,-835606.9130920201
116,-829768.1617796186
117,-858948.6213561425
118,-870728.7745639909
125,-826830.7851308499
126,-892755.7859076172
127,-859827.8914450358
128,-833281.0443064235
134,-856853.6834770709
135,-831937.9106029907
137,-823621.8189870099
143,-883521.9977815679
147,-883043.3909592376
148,-826879.0710933253
150,-870923.1913727637
156,-870267.7304615594
157,-883399.6160843832
159,-850084.9647024887
161,-814679.4156242617
167,-870866.1312209723
170,-851036.8282717695
171,-905642.7550729852
175,-903931.5288456707
179,-851323.321614069
181,-883190.5100758831
186,-822003.9474207623
193,-832255.0003899888
194,-882360.661040384
206,-801344.0704081154
208,-842835.5092540433
210,-852133.774843563
211,-872915.5904549268
212,-822882.6974576998
214,-906386.6663853159
215,-854405.0164564368
217,-832749.6614398295
222,-852929.0831487868
227,-837614.8621693234
228,-842921.0223733346
233,-798707.6172594232
235,-874781.7016759353
238,-883101.4004410965
241,-828684.9793086173
252,-815266.0158856644
253,-813635.2652161575
256,-849388.4675387904
257,-854240.5932808463
258,-823588.01552592
259,-828397.2021404824
261,-864131.4443207821
263,-871120.4398726762
266,-796927.6054265562
267,-806194.1138622243
270,-826355.973307983
271,-795257.715622024
276,-896924.9820468909
285,-865621.847763801
288,-906387.8694805597
289,-853805.0661801291
290,-844442.9709358035
291,-907212.674392277
292,-869211.0653786614
293,-830633.3101367536
294,-825524.5344367541
295,-868136.7845913488
304,-872177.5816574624
322,-701916.4600416535
326,-846531.7733570725
327,-894100.3007666204
328,-859593.9809150302
331,-910362.8526806516
332,-906800.0336083764
333,-894563.2183271368
335,-882992.2735245611
337,-859025.2663120981
342,-875016.6478587323
343,-842493.475970066
347,-814034.6999795763
350,-785065.0180847188
352,-819958.8983841182
358,-763194.3123667974
359,-812153.5792711388
360,-822678.8824905229
368,-783361.3137887149
369,-806922.7804819966
373,-831646.1835878409
377,-819529.4753798
383,-839683.1559544079
386,-795770.0137930737
387,-785721.3425093016
390,-832176.8378026179
391,-845248.6380976196
395,-836171.850530045
397,-885530.8804424718
398,-882401.3956027717
401,-882832.5147810426
404,-870206.4509641415
408,-882825.2862711066
409,-862456.3162561968
410,-845222.3757039951
418,-860713.7358442163
422,-546861.4499156979
427,-601749.1918422573
431,-578256.23673412
433,-552791.272446688
437,-659782.8052386508
438,-671210.7976092357
442,-580946.931060036
447,-710954.430387442
459,-593560.333869624
460,-603665.1381817644
464,-701490.2941708646
465,-806560.026146188
467,-817814.5385308914
468,-818696.2493413532
474,-797852.5509704661
480,-807004.7281077673
481,-796542.184197379
483,-685058.4627307411
488,-835249.0093437553
492,-835279.3906611827
494,-821362.2141213446
499,-772985.3769544921
500,-794788.2255162393
501,-767250.7536260788
503,-797021.2489687705
506,-797118.6220127586
508,-799742.311440148
511,-773362.3624044895
515,-800576.520644401
519,-802361.2905253726
521,-772183.1481546179
530,-806515.6379309486
532,-813699.7999918677
534,-823729.6118897799
540,-823781.8578822537
541,-874445.6323113044
551,-861811.4785175904
552,-828326.2484867263
554,-863084.9921665712
555,-871315.6699744646
556,-870556.9838093646
557,-861276.5266040169
565,-796910.4531718609
566,-793797.1313450189
567,-835851.9399349705
569,-818556.9586205884
570,-808986.9042476574
574,-802051.7552013651
575,-727135.5748712167
576,-780630.0750219082
577,-833223.2545637834
578,-817049.2792287201
583,-817595.721832618
584,-791688.8983363456
585,-843050.2163076639
587,-845172.1015593687
593,-802520.6807131998
597,-830781.8464574666
598,-836101.707934654
599,-842697.6983706801
600,-866263.1581167623
605,-857326.1210827027
607,-840801.6405919273
608,-838082.9722048232
611,-842710.6516702486
616,-854165.9792005317
625,-829527.7049444423
629,-829896.8084244145
630,-876972.5156621832
631,-879347.9663378777
640,-843151.0992114502
642,-860397.1605794877
643,-871911.9934987946
646,-853170.5461103581
647,-846048.7772122428
655,-906541.7253493912
659,-866087.9930122555
663,-837553.8664724141
665,-858926.2910611718
667,-844462.2864137569
673,-882863.8576745923
676,-863156.9538064948
680,-882289.7251016108
682,-882970.5849426744
687,-859149.3554031556
688,-858593.6074142784
692,-871742.9480992121
693,-861728.1444864594
695,-857258.6769349477
697,-857279.7824916469
700,-880951.5033156298
702,-869188.8069024315
703,-827478.7930038164
704,-898287.4705687027
712,-873272.6336627499
713,-905080.1732108166
717,-789428.4848541347
720,-802853.2735238664
721,-891009.7291379796
726,-823445.2241235618
733,-843536.1410152253
736,-866777.5206070177
738,-883326.1819192922
741,-871543.2845871997
743,-828035.5406334104
745,-883099.9229318
750,-849516.4132642997
756,-882872.1083454007
757,-857743.5434387373
758,-870994.9788375512
760,-887258.0886698152
765,-865853.1565842412
775,-863584.5970227118
776,-871369.1071994737
780,-865356.8645703634
783,-826887.3745574155
790,-883585.5385673674
795,-897553.0078403902
796,-858773.4057818379
797,-865144.004270266
798,-872047.3896998815
804,-807163.6441215092
805,-796677.8749153886
806,-785382.8597606395
808,-872308.8677966596
814,-817272.0608192064
818,-772719.325933744
821,-782977.8101976922
822,-692744.2645267546
825,-769181.2647850069
827,-796393.7919068327
830,-813665.0530545339
834,-797135.85614077
835,-860725.5528968778
842,-863855.6623295288
845,-813803.8237093429
852,-797432.7025606569
857,-878581.3551425893
858,-872514.2336276752
859,-866968.8948423236
860,-870657.6745666357
861,-875508.8159319527
864,-795247.0178097816
868,-823791.9470064157
869,-823802.2862420824
872,-785625.8711689601
873,-797024.7096757554
885,-871515.1521630153
890,-883667.1633366736
895,-894806.1625887471
899,-883969.4980382697
906,-840657.0268878523
918,-843968.6974760272
923,-883473.8706726715
925,-866602.3513158436
927,-866842.4050689773
932,-817420.8201976405
933,-843400.4230383555
934,-832701.0572680779
942,-873892.2352922925
947,-783568.7621869318
948,-797314.7934582352
951,-855600.9068458604
957,-817280.1906952437
958,-762563.7810105578
959,-827422.0672115516
963,-822189.6908521338
967,-822430.5760600817
968,-692749.7495384417
971,-855186.1512337095
972,-842460.85743172
976,-874520.8235226326
978,-888171.035055102
979,-889440.3951637974
984,-895250.6758683397
986,-863321.2258966628
991,-826203.3170802125
996,-808911.7059104523
1001,-786230.3204714616
1007,-807135.5073812456
1008,-838552.0407697138
1009,-786874.2501137129
1014,-826635.418620835
1022,-817322.2762107031
1024,-822910.1294518479
1027,-870271.9401005796
1030,-843401.7956643287
1032,-843831.6989336406
1035,-862144.5722390782
1042,-872010.4552797425
1047,-862882.418530136
1050,-883414.7996851279
1055,-677473.6783716284
1059,-648916.4882906354
1061,-648966.4899302367
1064,-553310.561594112
1077,-673849.5539208245
1081,-785194.5650815312
1092,-685063.5508769109
1093,-834782.1729273337
1095,-796507.668790394
1099,-794817.6272002397
1101,-772605.0923245102
1103,-774344.3604870612
1109,-781585.2703187083
1112,-805101.5739410314
1113,-773457.4213197391
1114,-784683.2486776887
1116,-777605.9033368068
1117,-823667.581992054
1119,-772930.4152614975
1121,-802412.7164900419
1122,-823701.8795920239
1125,-794747.6401315728
1137,-828758.246977322
1142,-812013.3175920651
1144,-824589.400572757
1145,-813506.2044621774
1147,-824735.1834245038
1148,-819297.6993997673
1149,-825658.1529958318
1150,-857626.4328204624
1153,-883361.703039521
1154,-886162.8584427395
1159,-783152.0304289754
1161,-824191.2018846184
1167,-842008.1727665188
1171,-775340.7611453815
1174,-814252.8873963058
1188,-842188.8546848105
1189,-842399.5556072185
1191,-869859.5673589295
1195,-866904.2597737929
1199,-850371.1148296847
1201,-825127.8745681702
1204,-830457.9503090171
1211,-855795.9760930932
1214,-849462.4203728131
1219,-869291.8131179727
1220,-909400.2887412276
1227,-840821.6766612425
1229,-801130.0928885175
1231,-870841.0987536317
1234,-824323.2835668058
1235,-883128.73263506
1239,-868816.595109097
1240,-843304.8013296572
1241,-843688.6312026358
1246,-870949.3830850966
1249,-826920.7121577087
1250,-871910.2067521043
1252,-868615.9998089833
1259,-829979.3447144836
1267,-853928.4467145863
1269,-873341.2660869529
1270,-882562.9417456322
1272,-883029.4265080871
1274,-860251.6219255773
1276,-847479.6695937396
1279,-860740.3898477639
1281,-842266.6081283848
1286,-830553.3056400903
1287,-870277.0077631873
1290,-886926.1889025139
1291,-853945.813902877
1297,-826250.5092562678
1302,-842972.7406477251
1303,-918452.0150131882
1312,-883147.2145463211
1315,-880112.9305744608
1322,-835472.073050361
1327,-894110.5036401915
1331,-866940.9083780749
1333,-869282.3728526094
1334,-871477.5348693485
1336,-854539.0603872391
1341,-866363.0730697108
1344,-885355.398213544
1347,-870670.8758920116
1348,-815045.2510023927
1353,-850395.2667854789
1355,-881913.3648676247
1356,-858684.341408194
1357,-861208.0551809522
1361,-871493.0691376982
1364,-859766.8518018725
1368,-883162.7036686948
1369,-873793.1312364532
1371,-871068.8672251123
1373,-867016.2149484621
1374,-866494.6717747033
1387,-861648.0276567892
1388,-885701.3946527472
1392,-859966.3524121436
1394,-882657.4049784882
1406,-827507.146335229
1407,-841108.931393205
1408,-839664.4253430853
1409,-845383.6708845652
1411,-853563.153156935
1412,-879022.3078141533
1413,-866986.760617658
1414,-882991.2200120195
1425,-783450.7842551996
1430,-845819.877217417
1431,-827985.3060634949
1435,-801661.5866865594
1441,-797395.8323221549
1444,-797402.583073352
1445,-885862.7915644458
1446,-871636.1871434111
1452,-883303.8422891289
1453,-883747.3906829305
1456,-784805.0615537388
1457,-806532.9013138578
1460,-795667.032858713
1463,-794815.9542854239
1468,-796655.1722211151
1471,-812033.1869285293
1474,-812828.8406933856
1475,-813736.1513454057
1476,-812799.8058805075
1478,-812034.2710785199
1482,-810023.2215009357
1483,-810023.2215009357
1484,-810019.2522837021
1485,-809579.5457226522
1496,-842624.4149367019
1497,-851691.9511486702
1500,-842373.9626765151
1506,-872439.9140910037
1507,-896645.1709920733
1509,-882614.9541272722
1510,-884190.6523742668
1513,-871077.797801925
1517,-858453.4541563012
1518,-842625.4953239425
1523,-825401.4620530538
1524,-855749.8451922212
1526,-873534.2588808589
1529,-808345.497710266
1531,-843120.5572226794
1535,-883302.3507529044
1536,-846561.6710505879
1538,-776156.9983228178
1540,-790977.869406933
1543,-836049.282166782
1545,-871856.1372702942
1546,-874372.8859660049
1557,-887595.9736453468
1558,-808803.3614693227
1559,-884635.9655408767
1563,-786495.2305427543
1568,-826613.3733494253
1571,-837579.2042663643
1578,-849577.3202610071
1579,-811515.7838037781
1584,-785674.1408389143
1586,-755766.2038377072
1604,-883056.2009210434
1606,-851505.2689596702
1610,-853844.3632682571
1611,-882967.585897403
1618,-842085.0167030154
1623,-835233.8107949224
1624,-823925.4772376617
1628,-807239.8976238464
1633,-807216.6752918898
1645,-852266.4584945387
1649,-819740.7579202299
1652,-845617.638596364
1653,-848654.4044967209
1656,-870218.5282409041
1662,-842069.8889057076
1668,-883317.558654795
1670,-895002.8065953598
1672,-872881.3735889207
1673,-843888.0919664048
1674,-819199.7481209642
1677,-871105.5280479366
1678,-857939.0345061347
1679,-870685.1682764926
1685,-580968.2427393071
1692,-580423.9375296516
1693,-669406.2597838141
1696,-564066.9996136642
1709,-659815.5679358653
1711,-669902.3763010585
1717,-706823.8501037606
1718,-706818.2792336929
1721,-673844.4698572801
1722,-673867.3550970003
1725,-603647.1836748858
1726,-673867.9076315244
1730,-817783.5780195202
1731,-827497.5472184775
1733,-806482.4614915607
1737,-813700.7422106229
1746,-784730.8811658442
1747,-814181.0179791071
1748,-796550.9035559709
1749,-806521.1095068789
1760,-835267.2767066559
1761,-733167.4661428934
1762,-756670.3165638265
1768,-664222.0041268751
1769,-809779.1826102035
1770,-784318.793809772
1776,-824154.624503614
1781,-682298.5254342959
1785,-715293.7187218851
1792,-811089.383788982
1798,-783023.0243383753
1812,-834703.0510175863
1814,-797905.5863020897
1817,-860413.2014521516
1818,-838700.8329569584
1822,-869279.702628218
1823,-869357.3961610909
1829,-796665.9640123441
1838,-807836.3027318356
1845,-809586.2717050286
1851,-824289.0377167588
1855,-806265.5100693272
1856,-834603.4618573849
1858,-780383.0154174567
1865,-842045.4976165069
1866,-852619.7586788192
1867,-852596.9303082646
1868,-817470.8034362103
1876,-867001.1719760648
1878,-866361.1130909701
1879,-871124.3901203802
1882,-871702.8389452047
1883,-870893.3988755924
1887,-886254.7031907883
1895,-854921.0035068472
1898,-856612.2339153732
1904,-905741.4849033576
1908,-869212.1199402345
1917,-858951.2612583912
1918,-859916.9797401042
1920,-882590.2903952837
1922,-882431.0843568578
1923,-839164.524319138
1931,-869228.2029699435
1935,-869240.9004675815
1936,-869741.8251753718
1939,-850931.1711676671
1943,-904589.9544736195
1944,-858020.4273860112
1946,-843429.9360974648
1952,-873826.0198251341
1954,-883515.942506587
1958,-856099.7164452586
1964,-859229.5341059668
1966,-883034.9135162755
1969,-885326.8255796734
1977,-847916.8795525936
1980,-896816.5287887125
1984,-883842.3533199105
1985,-897416.8150963831
1988,-882503.4152768225
1989,-867067.2587081369
1991,-854392.1847711336
1992,-860014.3259983493
1997,-853004.125138571
1999,-841488.6550675723
2003,-883337.0054212854
2005,-880087.2016361329
2010,-882597.4923032179
2012,-843516.1092102017
2016,-866377.368000115
2017,-857985.2215863969
2022,-870496.8290114753
2023,-833167.6546111152
2035,-833010.3789243568
2036,-813140.3385959871
2040,-882314.6577605844
2042,-770543.442294724
2043,-879666.6821607788
2055,-871725.5980082998
2056,-883417.5441808546
2059,-883380.6494016029
2064,-869795.8304994208
2066,-854491.8904694337
2070,-849814.997416703
2071,-812855.7654645301
2078,-815827.6284336606
2080,-858698.6941199242
2085,-879302.2343425875
2089,-858792.9342415816
2090,-829178.9170505505
2092,-804025.781939828
2094,-794564.4104993875
2095,-806674.0095854504
2098,-771506.2453204977
2099,-783433.2738240028
2103,-783433.2738240028
2120,-863412.5989433796
2122,-835204.690695563
2123,-828769.6986717235
2134,-822895.4644960681
2135,-873767.5033429196
2136,-846912.6424383451
2143,-857517.6737607596
2145,-789255.300352758
2146,-795701.380603027
2148,-807458.3550291891
2155,-762224.0126403379
2156,-785298.5929219797
2157,-826374.6369384341
2159,-806541.9683717809
2161,-823286.3947692161
2164,-814161.2477173978
2165,-818654.6690788782
2169,-870153.1315018929
2171,-894224.2365526812
2180,-853163.1683727319
2182,-679826.1545971817
2184,-870204.9063049721
2185,-886606.0087518202
2188,-904057.7392794542
2191,-896622.8341073332
2192,-878991.9703761773
2196,-883269.5057767368
2198,-883841.1010284751
2204,-826448.1955863056
2210,-861531.4090453173
2213,-856972.433730649
2215,-795229.7515485024
2219,-787914.4559475033
2221,-793055.6069267641
2224,-810525.4740074304
2228,-830135.8356621386
2232,-881121.0310505106
2239,-855800.5937004981
2246,-786425.8776887059
2247,-786422.2489971565
2249,-836067.3017895214
2251,-807747.5797634565
2254,-861172.0596098145
2256,-791270.4107954782
2259,-828950.0593116098
2263,-783471.8181087668
2266,-816700.4774473057
2271,-831549.1816304397
2274,-826299.8845786003
2275,-773423.1405761705
2280,-853467.1920743057
2281,-873003.1929944736
2291,-894055.6943467652
2292,-820277.5995299655
2295,-814862.5971747736
2297,-888171.8494400579
2299,-894207.3481369506
2302,-883123.0699720267
2303,-886234.9961447982
2304,-888304.2541626947
2308,-841833.0223182102
2312,-810358.074022299
2314,-835787.7008056232
2315,-835334.3658137282
2316,-824842.7189967775
2320,-783074.6333739465
2321,-783767.6988386178
2322,-806050.6848089244
2325,-822636.0247497888
2336,-770790.1508377179
2340,-774339.8869680816
2341,-773375.4013740617
2342,-676430.378257323
2345,-816844.5296844187
2346,-826095.113026514
2347,-835988.5660112133
2354,-806438.9894482031
2357,-813975.3321125384
2359,-859335.7979832788
2360,-882906.70957911
2361,-894616.2624808858
2362,-906766.5080422609
2366,-840658.9056493938
2367,-872004.9303813289
2370,-871125.8592180318
2373,-855708.8013019303
2376,-866608.4914486136
2378,-845676.7501816958
2382,-671704.9163711374
2387,-670293.2960908964
2392,-562880.1619930407
2395,-659807.0917808851
2396,-616826.4936606239
2397,-670733.1002633634
2399,-580969.191494893
2401,-563207.5540416426
2402,-672928.9386547501
2407,-695164.8878733842
2411,-808649.1620821496
2414,-796935.0109741266
2418,-782580.157841527
2419,-822868.5959094876
2424,-807442.0105722878
2427,-813740.2946738994
2430,-785142.8546357886
2439,-805748.9777936776
2441,-810615.7579286013
2442,-806573.5871717577
2446,-749486.7583974777
2447,-761227.2136976037
2452,-772673.96994245
2457,-772889.441707864
2458,-785124.2816507372
2462,-760282.3772671039
2465,-823741.5523972769
2467,-823735.2880564051
2473,-863153.5256722611
2478,-851609.4814661407
2479,-834803.3042003639
2482,-825697.423661408
2485,-882976.4191802818
2488,-860194.3539314783
2494,-883409.5665660581
2500,-804496.76178402
2509,-824682.4536367938
2512,-813822.2180211612
2514,-824728.8534561751
2515,-819727.4536359053
2516,-796200.2283049634
2518,-841878.3641308519
2519,-777492.9574925506
2520,-797005.6839734644
2527,-842631.4287743286
2532,-873431.076258321
2538,-882945.1894721495
2539,-873382.2979709754
2543,-871371.9242228611
2551,-883032.6671615507
2554,-867392.7325689849
2555,-894967.5592684223
2557,-876038.0461131231
2561,-882744.7331088848
2563,-826599.2589094709
2564,-866116.8287631271
2570,-883602.6657154482
2571,-782949.9109748447
2576,-871312.6638929514
2582,-831397.0599841855
2584,-843831.5870724352
2587,-873634.0547503153
2589,-883169.6264656178
2591,-782926.9799925382
2597,-870231.1705926444
2602,-843148.1216333453
2605,-852742.6051398878
2610,-829302.777434815
2611,-871398.1114250981
2614,-859536.9750110835
2616,-826391.554614594
2617,-821978.9471594738
2620,-881280.6652461347
2623,-885927.7868157477
2631,-843150.0663350828
2638,-883197.5792010502
2639,-853806.5116130367
2645,-854697.2805360919
2647,-883838.0989279636
2648,-871522.8616313875
2650,-862646.7379120792
2652,-861391.7408673674
2656,-904940.1230081167
2658,-860283.0156003083
2661,-846517.2947630144
2665,-837260.771372226
2673,-853727.9669569051
2678,-902100.1771504941
2679,-883345.7176710988
2680,-910771.5174199712
2685,-867490.8757071812
2695,-869461.8776152803
2698,-872085.6721713088
2700,-858583.7667783527
2706,-865476.9506755578
2708,-861132.5694989223
2709,-854377.1682263247
2711,-862603.1254999711
2718,-871396.7218115887
2719,-868683.6350866528
2721,-853016.5747971523
2725,-854105.8412936358
2726,-818153.7010405365
2732,-801463.5032532833
2733,-865876.1471376638
2739,-854441.4424878007
2747,-818940.2748896142
2751,-811070.7977153637
2754,-807400.925892304
2755,-801028.4059620698
2756,-824154.918730762
2758,-808087.1833873529
2763,-823705.2334651024
2764,-785443.9992325301
2765,-870249.0504653685
2766,-827664.3162989747
2768,-845781.7393727369
2781,-795257.670558165
2784,-847069.3116645406
2785,-869703.3651057129
2786,-883309.2032690692
2796,-801497.6434619327
2797,-773079.1986670424
2801,-800314.0945421209
2805,-795219.3725596227
2806,-813283.9004786201
2812,-823319.9053565426
2817,-884431.2396409701
2822,-886000.1838695261
2825,-806041.4766184789
2828,-842356.1192300227
2831,-834552.6591836367
2843,-879551.0304877433
2845,-881303.3314245747
2847,-838598.5825118911
2855,-845846.5220525501
2856,-850599.6347267171
2859,-845813.3089421727
2865,-844823.3686711033
2867,-833002.9690043154
2869,-843159.0559212588
2870,-825248.164997953
2874,-850391.3670325878
2876,-882375.2425378779
2889,-852835.5244464509
2892,-779871.882597964
2895,-819207.5965349003
2898,-849446.7571881965
2901,-756594.7627501716
2902,-757014.3040119244
2908,-887585.9534771807
2909,-860051.0548371082
2916,-855984.2293229287
2917,-875921.7161071532
2919,-906800.0336083764
2921,-894159.0381739641
2922,-858348.6582957814
2925,-853528.3413155959
2928,-877826.3972069408
