Id,saleprice
2,107538.08661215617
4,250527.791166233
6,200943.7926763085
7,219967.85285711227
17,216486.89273100064
18,308575.05966659414
22,203755.37824383346
27,105695.44073601816
31,114586.26267094183
36,163865.45110325265
39,370962.69653738756
40,262934.8379587228
42,305206.7546056694
46,247052.300895621
53,186073.29226488186
58,193579.4966327653
61,279038.88382275176
72,219356.18955450278
79,119036.23916740515
80,205978.20918675596
82,167020.39130595466
83,93388.08140993869
85,151327.68192008598
88,114861.76769261804
92,275894.2586271265
93,283360.5173730349
95,195998.74298325065
102,201715.2471820138
103,191968.12938877032
106,243336.76525533415
107,187849.23568613673
110,227016.25985055248
114,199284.32942346655
116,195330.38445004562
117,159186.02166597103
118,139192.7425168671
125,160639.4473871005
126,163096.6213850932
127,123549.47704866796
128,226434.80022407926
134,137701.03120142376
135,176033.67043734094
137,247006.2797806596
143,127318.2597995585
147,125457.95210354209
148,194550.4339648871
150,109816.06662751765
156,134722.44003852943
157,110550.85907094597
159,158556.84870907513
161,268657.37818227697
167,129198.61600290405
170,149116.71811379722
171,80774.07722974398
175,84506.10270635498
179,140686.35155676637
181,108168.13651532764
186,220140.9792582793
193,205953.67053290142
194,71909.55535221775
206,138755.16617411887
208,164611.50054945794
210,168604.89717773514
211,99693.49569144094
212,145675.14528396472
214,94659.67007743173
215,148831.0511893389
217,163770.69765791483
222,135989.35804167742
227,153999.60043161237
228,166894.68637795985
233,221224.50635482057
235,124099.19596310414
238,120714.00967629607
241,172954.5293140383
252,197272.44492218606
253,195405.70515263817
256,146995.59611772548
257,145741.39039334952
258,203895.48356347144
259,190856.6166325935
261,144142.6791992331
263,116953.75193968609
266,232003.08889813107
267,226797.78059600186
270,164825.82430858628
271,243168.41419954048
276,118790.15506542893
285,158561.6402776194
288,54414.159273279874
289,139168.29130779728
290,126187.0034022842
291,132742.40317582266
292,119325.12084923517
293,205856.84269000325
294,218578.61509166937
295,180655.547206168
304,123845.08372573959
322,316655.76088462194
326,163165.5542579877
327,92025.72304830844
328,128966.4583813385
331,56196.825272510876
332,71768.0463826841
333,90294.4448323207
335,122306.80341061458
337,187490.96947942374
342,117035.41198903297
343,186996.26151470366
347,202493.46363727868
350,312569.4832044458
352,210252.01315103265
358,208337.40262810004
359,190843.02109433102
360,171319.31670667086
368,276775.341596448
369,230893.6463650352
373,197855.87546626467
377,252677.8454107371
383,177031.33518489357
386,233871.8335283461
387,238495.06200552118
390,178569.83636947747
391,163093.40300114494
395,159293.37593273085
397,116603.29030669286
398,105069.38945236082
401,101746.14114124188
404,142944.18850250274
408,118535.61476731957
409,143413.8522509841
410,165664.14608388685
418,137265.43045770304
422,424257.25965519267
427,339897.699247324
431,384785.79329728894
433,445149.63441408204
437,326048.9314662849
438,281418.8506303852
442,356077.24137206195
447,232894.40256764856
459,342738.36450719484
460,306127.18487639935
464,232623.05538620785
465,198302.86263867075
467,184052.34162414513
468,184811.17005245783
474,195540.86160534422
480,204449.73039713217
481,214093.2640846661
483,249264.93683626503
488,188401.35398599348
492,182106.82441176736
494,186395.41257479193
499,307753.2976795996
500,265798.8558823115
501,289006.64455010457
503,246007.9901137891
506,225322.57845536515
508,246580.51805030258
511,279800.1648620339
515,234342.62983998723
519,227686.5622546502
521,262711.2081535991
530,226942.89259432515
532,218816.65068177256
534,187190.2785155118
540,181023.622384073
541,120529.89124055095
551,154441.68666890162
552,189989.93145370123
554,105562.4655893274
555,110547.5600152456
556,128733.39313451099
557,122501.7058287545
565,229812.24324471538
566,278180.3689414831
567,163942.3535483541
569,212959.61458885795
570,208161.43652040054
574,236847.76544331657
575,292884.4006210079
576,225415.81756288203
577,199662.36749999181
578,241287.5716977803
583,227719.3668313761
584,236938.1664037437
585,163175.7840288053
587,193050.7928551514
593,224665.93269667134
597,216944.04064539867
598,184055.74681063418
599,162204.5080743584
600,110808.45324266248
605,167948.34295454333
607,165516.36819762902
608,167677.1733657016
611,174818.2967732707
616,125354.71579971215
625,182282.51795468206
629,174805.44388040344
630,136122.4305839441
631,123447.21263257563
640,180472.69195022932
642,171390.00557306656
643,124514.28848345522
646,113809.58290959669
647,163540.01982756218
655,57164.17733506387
659,106494.39274237571
663,57797.45590303723
665,102345.80600510922
667,218548.35853281152
673,145002.63281136515
676,124520.28251978899
680,142977.12112349854
682,124968.24590250211
687,157681.15446739775
688,166408.19645551196
692,135243.84905733087
693,119083.13532608433
695,163894.89624434285
697,132634.03825322344
700,153402.83796524903
702,150724.5928115777
703,170002.6571667967
704,89804.08264054584
712,86783.3167787465
713,95029.59456462515
717,255638.76933811634
720,206590.66557385554
721,62504.377387522894
726,173969.59977003958
733,119100.33893536282
736,126977.73364464537
738,105737.8671155286
741,126819.06790590205
743,74291.59652302852
745,105745.69605960762
750,155028.72106264325
756,96816.30021539464
757,142736.098743471
758,161696.90440961753
760,78451.7241553921
765,139474.45660173259
775,127821.82030682884
776,123135.63189100954
780,169203.2053403113
783,191593.39961113883
790,105512.45963270518
795,71630.0124908362
796,134356.19267584395
797,156995.2935657908
798,117789.22772784335
804,217995.67101555248
805,226579.95362626715
806,250140.43583207444
808,142652.1151027514
814,185180.10602567394
818,294387.369918797
821,253783.05574081937
822,328662.44267298986
825,286588.05919962056
827,247185.6578706972
830,205438.16151410373
834,225794.8809559196
835,167828.2477976401
842,139532.0066194051
845,208685.63979789914
852,217627.86443386387
857,123078.7707106556
858,130770.95467127507
859,115733.04601600664
860,124701.47118813526
861,116298.47548627111
864,250147.81510826206
868,200184.6555567764
869,205526.31078138028
872,269901.9155732384
873,228613.9436040104
885,117074.54403431702
890,109581.55526766687
895,82287.57921312377
899,77291.44587603434
906,142336.0890723875
918,147810.10072630763
923,124778.91757457369
925,112191.2592473188
927,117433.20967676678
932,215527.84225513958
933,140032.36452918855
934,163954.51625741916
942,96832.66798987878
947,256911.7112639853
948,260682.172452136
951,141163.1456650078
957,237586.40825851634
958,284471.3161989524
959,198982.92128995075
963,196532.54614617795
967,213443.71696280414
968,338580.02509284497
971,171668.95663355818
972,177755.67937822928
976,94787.05833348204
978,78506.8423448296
979,106966.03147434564
984,97185.04431639297
986,150116.1230405462
991,222063.2462243541
996,208508.627477048
1001,246213.6163775471
1007,214071.08222921865
1008,184753.47133879198
1009,220188.5854280034
1014,170430.71649387665
1022,225705.17469426722
1024,188687.834233728
1027,127959.11931032344
1030,168091.6727884723
1032,165184.51130160922
1035,140923.02749785525
1042,127381.92915738848
1047,142685.88089439555
1050,101849.41417448978
1055,284691.57390762225
1059,363371.2897933354
1061,343113.6978946241
1064,436147.3285317038
1077,251896.79526248027
1081,241342.1713145523
1092,249147.73761214374
1093,193099.96627034695
1095,215564.20211590172
1099,267865.93936009135
1101,280980.02404069976
1103,300551.72984121274
1109,262683.54442372784
1112,218540.98980609362
1113,250143.73026008316
1114,249606.16614447313
1116,252764.39116868217
1117,202065.74874916134
1119,270150.1396767332
1121,215671.6952793187
1122,194517.6765957817
1125,254551.0765881008
1137,179188.66173115946
1142,224897.22528029323
1144,193969.96749840293
1145,205195.29372226834
1147,191453.99802786828
1148,198149.5906926331
1149,172504.37753835885
1150,117217.6491228093
1153,110450.96003519699
1154,99221.74467303079
1159,310317.39322297246
1161,180415.53502474766
1167,179585.69099908334
1171,266889.6350190793
1174,198663.23527408403
1188,184743.6115261515
1189,175960.2284700366
1191,146407.53590151697
1195,129128.02851321426
1199,177608.51704526987
1201,197973.25469833775
1204,209852.02132938555
1211,149019.60897369584
1214,164808.905301709
1219,131720.37291629135
1220,46311.54797382615
1227,189892.8612020091
1229,222004.86630452477
1231,129698.8223091996
1234,215017.58338882358
1235,118112.24872236719
1239,158487.39068292943
1240,159428.24137510173
1241,181560.52459541787
1246,97650.26459645297
1249,192618.77114502384
1250,121941.95140531265
1252,151451.90184157243
1259,167202.0679150542
1267,123159.62490845671
1269,106381.75708862799
1270,136631.5068224649
1272,109803.3557669911
1274,137283.52799924137
1276,121949.23217561128
1279,144615.59917721362
1281,182355.94432987302
1286,162766.52643158907
1287,133358.77593681111
1290,74591.57765922823
1291,146632.38400675266
1297,173292.14858679703
1302,155630.52790397883
1303,16875.585731287778
1312,101011.34222310023
1315,119631.91506996553
1322,88740.89597310641
1327,101567.2185055517
1331,135354.8386777865
1333,131287.74580184813
1334,125462.661077693
1336,126179.43766807471
1341,121038.19690377693
1344,94152.35582051553
1347,145213.81051532063
1348,187756.3104070092
1353,165501.9223685535
1355,128801.56051954564
1356,122736.58066690806
1357,165531.4282720806
1361,135007.68977209902
1364,131372.10826696595
1368,117212.21874298682
1369,101785.13997707036
1371,132809.92893325066
1373,127566.91568701633
1374,113458.09537975363
1387,134099.64784528225
1388,94329.59524666512
1392,147522.34710203295
1394,129218.75509526086
1406,161260.06741977297
1407,197233.6694424778
1408,172056.47015482478
1409,155718.4822212335
1411,154503.77161107416
1412,105277.44700873767
1413,144294.4342746354
1414,107936.43347998818
1425,250066.61967211237
1430,173814.20219012527
1431,187452.65817428986
1435,227230.31925585654
1441,229156.2717227138
1444,227842.84168323016
1445,106797.16356953452
1446,125058.02120894312
1452,103957.74952930374
1453,102679.96889704255
1456,245196.108830332
1457,236350.30835040577
1460,259787.68664329595
1463,255079.91818534952
1468,228921.48507429368
1471,212557.46147550934
1474,218239.8164776439
1475,201443.41753443153
1476,220078.87751600074
1478,202838.2284786005
1482,175909.5046871142
1483,175909.5046871142
1484,176354.19862243618
1485,176461.45229972282
1496,166412.85508138486
1497,150336.48750355563
1500,164662.996275452
1506,104855.15099375136
1507,97208.404944038
1509,117348.2314794545
1510,113404.5591450583
1513,117660.20982016041
1517,134140.17286440503
1518,180843.82584808156
1523,182666.49318244244
1524,133049.08185822773
1526,137778.56010167723
1529,197914.36988728895
1531,152663.02682996925
1535,105866.08294540626
1536,140598.7320225562
1538,329042.55277022265
1540,239495.8642509567
1543,148827.14097717166
1545,120742.62427325043
1546,123826.47244389915
1557,88360.10838200279
1558,124640.16326627636
1559,67618.64841446269
1563,259905.0417845875
1568,179364.54642688515
1571,192599.92346030436
1578,151333.4778789536
1579,207992.17848103202
1584,245524.50024450663
1586,300598.91979694227
1604,114930.50277256608
1606,142800.38989585201
1610,177211.100959984
1611,122052.34643963515
1618,166452.42296176817
1623,196965.1862677027
1624,191907.4378336415
1628,194268.85343774955
1633,232415.87599316717
1645,157616.5303778007
1649,224208.40805088013
1652,159981.3904211842
1653,164770.76463919473
1656,147526.57325239366
1662,192768.96355797962
1668,107130.82022387246
1670,90835.2061954232
1672,107860.43649395462
1673,154234.49431405432
1674,184431.01357257276
1677,134755.44897311373
1678,135662.22122571908
1679,126505.51848549148
1685,355907.9183412172
1692,397469.70530932327
1693,303228.014480878
1696,418694.02796047117
1709,323561.969240509
1711,298193.0364392746
1717,226925.20242160602
1718,229388.79969032164
1721,261845.54324988095
1722,251743.2496736062
1725,325200.2472802566
1726,250361.3807627567
1730,185237.1723907159
1731,184162.66089870417
1733,200982.48408175952
1737,195545.76146389975
1746,247111.9969016253
1747,194242.40246151132
1748,201950.3007888315
1749,218917.59122273343
1760,181624.61653282295
1761,437927.5858878437
1762,323557.640633791
1768,474626.2979094763
1769,232373.60483811138
1770,278938.59132649284
1776,194455.8868255844
1781,371709.16408718366
1785,294411.55913548125
1792,221428.44571600886
1798,255783.23079347098
1812,191879.05023281593
1814,232680.90855893627
1817,131455.31455288376
1818,197020.13709537612
1822,127208.31591762016
1823,123171.73420194465
1829,241962.5184380281
1838,202402.30624954408
1845,200431.71294601724
1851,191094.20342509364
1855,280178.02770777635
1856,172573.37507658568
1858,233252.83936952427
1865,223993.37867510406
1866,152708.1324097534
1867,166166.98401308135
1868,206331.01745426393
1876,137664.29222133596
1878,143566.0303817611
1879,148013.43111511247
1882,131365.53974016395
1883,115633.19968477031
1887,89781.77673469191
1895,151036.0664063475
1898,155387.18320526555
1904,38277.995383572474
1908,154513.83888133464
1917,141917.45806827367
1918,124269.46788878282
1920,124799.47927615973
1922,122025.28715751343
1923,160272.39994553084
1931,133197.39622340418
1935,128551.4196015776
1936,115377.34605281305
1939,128308.1165338318
1943,98166.03046021069
1944,127545.19117301746
1946,230651.6644261158
1952,79138.41373281812
1954,96881.46087715578
1958,132778.21890859556
1964,134095.65994750496
1966,123371.65683297865
1969,94204.40856966288
1977,122870.64607644429
1980,85690.72198898745
1984,123411.08749182842
1985,75599.14240377714
1988,98718.47710323724
1989,121238.27283959374
1991,147544.53421902927
1992,131421.26535005003
1997,141527.9967053665
1999,212430.04446771916
2003,104008.15252103504
2005,123073.97420777901
2010,118678.40766740573
2012,143765.4596251933
2016,131497.67621903997
2017,123655.07483363102
2022,171569.67166703695
2023,167322.51445708884
2035,146167.17526790552
2036,212955.2747077829
2040,111250.99227779536
2042,202196.25921623968
2043,83372.78278383784
2055,115217.49021227578
2056,100241.93948944645
2059,100771.47732157895
2064,107985.46511871797
2066,209724.19342938726
2070,150186.85950114115
2071,122171.88034647706
2078,243736.30199784267
2080,150083.70095952216
2085,119994.44116531599
2089,143838.5874868641
2090,187512.50033253848
2092,249926.6631995531
2094,236158.1424432316
2095,229943.36116514824
2098,323058.62254751637
2099,254450.350131616
2103,254450.350131616
2120,142455.95936854175
2122,169995.97490364223
2123,174738.00590603618
2134,199102.57666248793
2135,119417.88195432827
2136,141437.42933175803
2143,135541.54336055953
2145,286488.89825474
2146,251609.86727380246
2148,209037.6298810903
2155,285052.17730673496
2156,270138.7033289657
2157,164376.69894999286
2159,217354.8938499614
2161,190717.99990054962
2164,199370.3058169559
2165,186125.24132717893
2169,125709.98197314542
2171,94970.74423653678
2180,159479.38108924753
2182,498323.0194273939
2184,117348.16599109772
2185,86434.53225329534
2188,68750.42774257288
2191,99815.77752242694
2192,89106.64292615547
2196,155972.71051180924
2198,79956.95174994711
2204,171282.97553711207
2210,171940.5504156877
2213,126029.77660562246
2215,290758.6879246752
2219,270886.1942906154
2221,238218.3465811151
2224,204452.9555286925
2228,181525.24136161563
2232,120832.62276916542
2239,119091.72862686803
2246,267890.8499608641
2247,268645.9269497129
2249,154981.4880196646
2251,200134.59778671633
2254,136487.26972596667
2256,233073.74041444162
2259,236691.33917208936
2263,244541.68622724555
2266,218137.49672560403
2271,189126.86472099458
2274,200347.7806097003
2275,260483.28468107167
2280,142677.5695632214
2281,115333.17646458247
2291,88270.77186016578
2292,170263.57053914372
2295,209348.5998250135
2297,95163.45788866274
2299,132391.16343403285
2302,106835.76510811577
2303,105959.96340336013
2304,104239.64536512445
2308,199583.39561931507
2312,232859.89751628131
2314,178480.11157879475
2315,182865.76164763383
2316,188766.4123129815
2320,243808.09907606948
2321,264207.2177905304
2322,222773.5735999648
2325,185338.78125860324
2336,311260.7469439121
2340,279115.9641437141
2341,285754.6201767883
2342,356009.70600449864
2345,239250.316161123
2346,184871.63626677814
2347,170120.4708872788
2354,247437.74968661627
2357,195278.61477194846
2359,152089.1955207966
2360,109516.99470694245
2361,80750.62875862283
2362,76912.9551967972
2366,154394.84802551003
2367,123683.32044894199
2370,133681.8734835208
2373,128036.23458163289
2376,119995.45907746899
2378,158982.91202006213
2382,274222.1212249022
2387,301004.8383197039
2392,375874.48674575833
2395,318843.7649000772
2396,346328.94994569954
2397,290278.5156720225
2399,362991.41002636496
2401,414381.1683903082
2402,281480.49070850434
2407,229654.74987993823
2411,189336.96412632192
2414,211957.0844436157
2418,268996.95429749216
2419,189978.12618106444
2424,204322.1521872325
2427,185845.74420670638
2430,243044.04211788528
2439,216472.8060885558
2441,236704.3946660512
2442,235756.9509687533
2446,400470.7446847637
2447,341702.79389788053
2452,289663.6116631285
2457,305952.58233259595
2458,265446.46368019114
2462,339687.48975855403
2465,193451.04424682952
2467,194680.85169897744
2473,137568.21433009184
2478,180031.73835509078
2479,179312.03710111591
2482,171568.49615034013
2485,109551.10734547408
2488,161940.26396442018
2494,113220.2315417679
2500,252906.9981174528
2509,174651.7004859285
2512,199621.91611434706
2514,168763.25292486287
2515,195239.37373340214
2516,228699.509261566
2518,169308.4013587672
2519,230518.26942588275
2520,203058.94308429948
2527,170859.64929810935
2532,113696.85170105104
2538,116372.99193845683
2539,129788.68999367906
2543,113100.6484663001
2551,122987.99764142605
2554,107034.47968386939
2555,90226.55247013105
2557,82124.1885507411
2561,124342.3102533712
2563,163369.85432658097
2564,139630.7731443199
2570,114638.01627544197
2571,295350.8240997072
2576,146455.9041122159
2582,156177.7815059507
2584,153041.45561440225
2587,121299.42435591042
2589,102675.21508244278
2591,240887.4623267171
2597,114512.99458314182
2602,154724.1985295482
2605,192376.09465119865
2610,188071.26469478165
2611,145957.10940755348
2614,122733.33583410506
2616,211012.8233719755
2617,179555.50160731032
2620,115856.80010375558
2623,88400.05513869552
2631,160549.00596936184
2638,130626.53476956415
2639,138291.86262727182
2645,139204.2033890481
2647,82857.04244086095
2648,133251.6368531289
2650,117951.2750128591
2652,121265.36098109369
2656,92622.30887047756
2658,148812.70941385036
2661,195033.70797456385
2665,170036.63291899528
2673,164308.37191526228
2678,71903.71700105815
2679,102409.86088798998
2680,54068.51210135191
2685,104455.80548388495
2695,124863.00191192448
2698,113124.72081158191
2700,177594.92837143136
2706,140365.58254735614
2708,145860.53527251142
2709,146123.724693891
2711,124062.95502086435
2718,170039.25043088518
2719,179475.33962347597
2721,178228.22191894884
2725,167747.29371794034
2726,222358.67904544936
2732,217225.36244562778
2733,133666.33368215364
2739,163219.58825144355
2747,194280.51571573998
2751,225850.82776724934
2754,202726.8370239521
2755,229292.94408009862
2756,201501.7275835442
2758,241341.23004814275
2763,203933.95309483475
2764,245819.5432827567
2765,164430.63166316986
2766,165505.21413477467
2768,172808.30870846083
2781,227558.64261637352
2784,171098.38170469188
2785,118884.41909869717
2786,102582.48466784038
2796,244959.68848147354
2797,279459.4068313555
2801,243246.60187402423
2805,240142.44886578596
2806,213888.28363516295
2812,200242.44097836007
2817,116742.15872830266
2822,123950.81790566885
2825,237726.76696699506
2828,166318.41763301092
2831,184587.04853981154
2843,132209.68245601474
2845,103728.07078205966
2847,175683.62991218612
2855,166749.73993518334
2856,141989.69467274315
2859,143309.50024284676
2865,189575.4019209271
2867,168647.89955921075
2869,196571.1807995672
2870,208279.30016501577
2874,139283.72541970754
2876,63920.47775560935
2889,152551.4854930368
2892,276674.6139413321
2895,225757.0051510532
2898,236391.45530546524
2901,301317.1930338439
2902,308356.6490543048
2908,116083.32866452642
2909,126581.40860831493
2916,146774.85726183382
2917,87955.46429536553
2919,71768.0463826841
2921,89531.54945727003
2922,187018.0701562156
2925,164970.31562518212
2928,111134.58950767294
