Id,saleprice
2,118427.52837298026
4,267827.7250901324
6,179587.22898747094
7,240460.56411477723
17,237339.90227962908
18,320691.4610107384
22,183841.03535113105
27,102916.40270535128
31,108403.67526330898
36,165267.20642526416
39,317941.41548456624
40,273013.9832441252
42,301620.7405918065
46,220717.1449074886
53,202902.16808311924
58,181852.66135363726
61,315222.12923344085
72,207876.32115249874
79,124215.19813689889
80,221212.94541457997
82,168964.1870456932
83,107673.22047260588
85,142768.8462221405
88,120605.63454694867
92,291312.99576458073
93,289678.5512506502
95,218744.5764189624
102,183464.7900898861
103,199220.34587008008
106,250479.91175102044
107,194447.28833118253
110,231519.76586498227
114,198661.05068463547
116,183421.09701797948
117,174703.17078507924
118,148546.9530173119
125,153636.18968335778
126,152936.06633692683
127,118693.90333294669
128,217167.86111166427
134,134077.40352413495
135,148553.43264787243
137,259734.5578467095
143,139398.02889122113
147,132175.69748110574
148,188291.90059228442
150,117103.19184775444
156,134553.20931405586
157,111026.07886641119
159,165441.6247840487
161,282329.68183814525
167,142620.59384359975
170,114192.93426539568
171,63924.403570686016
175,95508.26166454755
179,136028.67278282432
181,118666.13155150763
186,232595.928790659
193,199793.5247206479
194,66904.75440050631
206,130569.88731010277
208,141412.88875648385
210,161496.47221160046
211,103381.57287410127
212,127145.0996539485
214,99605.08056643922
215,138436.86462362614
217,154417.8181043009
222,122523.2892493391
227,141123.224959673
228,156337.7201383233
233,228960.3774597508
235,96012.07166150228
238,133050.75859994334
241,174629.89514827303
252,211685.93390735384
253,213641.06719671082
256,155659.66327908786
257,136674.89683889225
258,203842.5669251178
259,180142.26836697097
261,148683.66739233665
263,123143.91410248633
266,228697.72547830828
267,242162.8479502864
270,162227.54745073832
271,263858.9319913022
276,125848.02357625996
285,152604.23673257144
288,50504.58335850503
289,134586.79433487915
290,132557.41702422322
291,128914.30966627569
292,119083.2054095196
293,196821.8588280855
294,227787.66602040222
295,176017.486697188
304,129529.79187951665
322,326575.49991968955
326,165969.42525284947
327,87748.5529903071
328,114752.20923721459
331,55403.721526726236
332,71944.48917553521
333,87497.51663729755
335,131574.94671541834
337,196048.37400533527
342,132347.19055595394
343,184047.63444149314
347,192519.13555826596
350,325523.48908724956
352,233990.57599143818
358,177002.8827802883
359,166364.6798256643
360,168169.4571626308
368,309767.3895418913
369,231453.61776847372
373,204164.29547288804
377,254263.80291494314
383,165576.13711196987
386,254195.32729215262
387,248703.5037808938
390,186534.36903253116
391,172664.1304273513
395,153783.2364100859
397,123889.48482266621
398,102692.34823842735
401,102943.3845914369
404,138989.5720001743
408,116176.38721513061
409,146798.16815889566
410,167047.51615807018
418,151515.02555618167
422,347842.4012341363
427,321783.62550762284
431,351501.21165366773
433,396717.1009090543
437,308052.1665029228
438,286048.3844501066
442,312835.2906653601
447,235092.51090221212
459,305854.154227891
460,271156.3480953133
464,211193.0755438814
465,201393.3231115465
467,181960.32123004243
468,183552.66408488015
474,201765.00988086095
480,211848.03298441466
481,204722.03539280756
483,220051.36963921878
488,190600.96077114777
492,181776.5752192663
494,181823.15546293987
499,302297.315732629
500,274520.6382030727
501,306570.9127676595
503,241998.3705113728
506,225251.81791707705
508,286499.4577745425
511,283864.1181121757
515,217650.78820981717
519,239805.3767391674
521,295113.66200987174
530,239139.73374052893
532,236181.65836523543
534,215350.8727580575
540,206775.4624895582
541,120925.6714157874
551,160037.5379144927
552,178251.58981736872
554,123516.60903923637
555,126594.99589843908
556,132221.39707700472
557,124973.89646824605
565,221650.1308673811
566,304102.1662787945
567,170681.6026839196
569,228765.80489142123
570,197278.92100030402
574,243163.65087292006
575,262541.21317191666
576,228472.56299902324
577,247288.35283225123
578,272318.79325337417
583,221369.83635540493
584,225679.10851651445
585,161983.99900136224
587,206058.06264191805
593,236132.63341195916
597,222571.11886953254
598,172771.23262730247
599,174212.94365171995
600,98450.86942790599
605,198702.65852206256
607,156042.50601123268
608,153222.33778061625
611,184183.6029233835
616,119576.33350361802
625,181595.25568511168
629,184073.4974470821
630,116274.49304691656
631,140018.54821987543
640,188361.50125003996
642,190707.63786606115
643,140842.34161969577
646,111658.73067509026
647,150020.96629642567
655,59812.149266443244
659,103812.77245098175
663,13825.715816651034
665,108128.00753991398
667,241363.69235933278
673,144685.70082556334
676,136939.62502105313
680,156911.9412615883
682,137239.4605592899
687,170055.2428080162
688,182835.50443142513
692,130904.57724070622
693,112110.80875773277
695,170300.46994561443
697,115683.25042244076
700,164538.4792869565
702,161738.0473291567
703,160359.91488060926
704,101425.53352165713
712,102610.17107866307
713,77329.19857598156
717,270321.27192183235
720,214315.08393718037
721,51172.34157263159
726,164779.44269039622
733,120703.30253334559
736,117147.16746027028
738,103476.78502073622
741,148767.96883209678
743,23054.646490065352
745,106222.51858713465
750,172072.58430469478
756,103834.35411945608
757,134505.09681943615
758,162122.18476357596
760,62338.609771417134
765,127926.88477804729
775,126338.49806113786
776,125148.80874031666
780,179771.8537509555
783,157120.51564913985
790,122039.3539005936
795,71255.23085365788
796,135485.42775626777
797,143659.61750943912
798,131372.2628022489
804,218138.99236331708
805,229700.40832142188
806,259014.44360110688
808,147958.16567711564
814,157376.1670734517
818,277565.749583952
821,278943.4551175662
822,306598.32057719835
825,278289.12290464796
827,242365.72292294065
830,214016.70427067735
834,228077.65563049677
835,180114.62083386752
842,137152.54724030668
845,227729.28952504558
852,231534.56606674736
857,125242.99361592147
858,140028.46401320436
859,110291.81260263629
860,127067.52729002373
861,104356.10355222793
864,268137.459311232
868,219326.0329729292
869,229936.3777483045
872,276176.61215496383
873,222740.49256729736
885,96676.19299221449
890,110325.80678149046
895,86447.15820299301
899,68978.8652092374
906,116054.70056164006
918,143714.20478333463
923,137355.33572829125
925,111957.41281274185
927,125578.2964596869
932,210971.40320422157
933,140528.4006733319
934,150637.9683096427
942,99279.77496738776
947,272066.04878500494
948,264828.61750454706
951,137251.15274996153
957,249203.96131473337
958,300287.9418048044
959,208591.977339797
963,186694.00006804784
967,235833.61780453002
968,313177.15442181146
971,159661.5880423642
972,170203.4335684179
976,69952.60357645038
978,69952.60357645038
979,87411.19988525148
984,95020.72455609396
986,146526.47232075912
991,222281.51306726199
996,181637.53303183473
1001,267512.566133468
1007,224269.58390169713
1008,178486.42850567188
1009,226486.66862250975
1014,186616.60127210067
1022,246561.22873022774
1024,166292.63411048264
1027,135815.19478174223
1030,184083.4339518597
1032,145085.14545932485
1035,156332.30150649082
1042,124594.12000940015
1047,155398.00676432095
1050,108864.79247565952
1055,276189.7217675062
1059,354384.06601375266
1061,325541.8756536342
1064,386103.49147005123
1077,241307.7061392518
1081,238212.8539442953
1092,220104.36341301526
1093,188519.69751426115
1095,204498.4251832152
1099,269649.1158293141
1101,285088.27253223764
1103,306220.2390662218
1109,246383.96793716805
1112,221475.99550803186
1113,273542.5731921164
1114,248726.57632202585
1116,258014.8807244043
1117,227129.60763599115
1119,267796.2688377534
1121,244532.44390323007
1122,222264.96136776463
1125,261164.1566640329
1137,171950.15695402375
1142,204786.83096874368
1144,197220.50276510444
1145,216373.36791756892
1147,194105.75797546335
1148,216001.69913756286
1149,184675.508072812
1150,118077.25771696017
1153,110578.6511060292
1154,106658.9965592148
1159,338835.2487028239
1161,194696.33773796065
1167,171160.07341607235
1171,275344.4542736455
1174,197664.34245383454
1188,208830.32576612808
1189,183546.05386181988
1191,174094.53006433058
1195,140419.61439175968
1199,197309.38974164365
1201,200210.05141811812
1204,211394.0627381904
1211,151096.92469319399
1214,177258.2381356332
1219,124744.51736084938
1220,40423.50117734476
1227,178661.04562587908
1229,204440.6312903019
1231,139919.69742623527
1234,207466.83615125067
1235,121896.43471674778
1239,147212.83488413884
1240,168542.15735937763
1241,189538.88730608328
1246,102212.0938703035
1249,195862.02169363076
1250,131474.93218528957
1252,145360.56681636185
1259,181472.55653358772
1267,121729.99808862078
1269,114637.35085948132
1270,147498.3431952805
1272,119177.43312667432
1274,153056.89746487932
1276,137375.5588502389
1279,150507.72989929625
1281,181970.70971691888
1286,133684.25500353507
1287,134393.28229459515
1290,86000.9280517327
1291,150811.05898349624
1297,164407.93875906008
1302,161424.41909486303
1303,5228.595283557428
1312,88048.87214708677
1315,116012.63052339095
1322,62486.744224296635
1327,99151.97154978925
1331,140018.6919607902
1333,111890.54758987633
1334,121802.13884982267
1336,114059.37562123971
1341,102978.73263081397
1344,84265.60504970663
1347,162757.82132157497
1348,193226.49418751744
1353,183009.91818782702
1355,130081.26280128096
1356,114165.18335177156
1357,172850.0411391176
1361,151330.13023810368
1364,141132.27341580973
1368,121086.62365522177
1369,97057.4359590425
1371,134488.60506497105
1373,131448.43026782997
1374,112807.12126270377
1387,130299.95439415456
1388,101505.87658206119
1392,145163.8986008105
1394,135806.47605087294
1406,156099.6538646886
1407,190009.6120862042
1408,136103.96955510162
1409,168545.6470665591
1411,154434.09260044308
1412,94842.00850189835
1413,150518.7021815082
1414,116519.06621919936
1425,277763.52321733907
1430,189385.7923755789
1431,175823.53828217578
1435,210367.63118718076
1441,230208.09368313476
1444,225564.10462632013
1445,115946.19844300556
1446,130287.93833032378
1452,110601.95524987335
1453,104283.9427345317
1456,244860.54289892118
1457,252308.8831826317
1460,278015.13036466605
1463,279387.80438250606
1468,226651.55620089546
1471,193608.48230541716
1474,219409.8453994475
1475,225695.4763146648
1476,225328.6890495438
1478,231973.48249270453
1482,162227.54745073832
1483,162227.54745073832
1484,162227.54745073832
1485,162227.54745073832
1496,160365.9618110002
1497,128866.95831618746
1500,160898.15380227013
1506,84592.42433187712
1507,88745.24333627036
1509,112856.59532292295
1510,115178.63029526196
1513,95028.31048391589
1517,140104.364752287
1518,154530.1793559674
1523,177361.0736635922
1524,133241.0592312229
1526,146910.03534023155
1529,193694.1060254575
1531,163247.94832534215
1535,122614.77781468192
1536,143311.64434002136
1538,318565.3587109742
1540,217379.0526700841
1543,140749.9311356441
1545,120452.08389290245
1546,126916.00260842705
1557,67772.0266073017
1558,112168.80831813577
1559,61655.102548009105
1563,261444.8073153175
1568,170775.48489809252
1571,180124.66799414888
1578,139276.79524195744
1579,225855.5571679548
1584,245976.2000558097
1586,297580.9046301385
1604,115452.16093315251
1606,128496.22289895944
1610,170659.0529500828
1611,131922.83545243935
1618,167505.76657261598
1623,184472.63881428732
1624,202748.90284275802
1628,195444.42889633498
1633,242372.34468651447
1645,174212.4865465229
1649,211029.71382664048
1652,155613.086765863
1653,166164.7113610385
1656,146994.8847787482
1662,190765.31818499594
1668,115224.34095297063
1670,96169.44344255504
1672,101880.03837233843
1673,151726.4980082353
1674,196642.4830079851
1677,138908.20513590195
1678,138908.20513590195
1679,128288.43417942073
1685,310387.27667770063
1692,357799.26890020765
1693,297521.3045789499
1696,370830.85587583843
1709,298150.1368002295
1711,291536.8059341045
1717,201300.22991526243
1718,201300.22991526243
1721,258958.95085682263
1722,241951.60925977194
1725,303766.0038748858
1726,239953.8463145357
1730,183356.36895419686
1731,185766.97753858354
1733,199823.33025438545
1737,216911.74430840623
1746,244348.37419532263
1747,196514.3580846068
1748,193392.37910362956
1749,227497.14933256758
1760,182186.39534584418
1761,460429.6317993103
1762,321970.02619805344
1768,454780.5314456368
1769,237206.21768290614
1770,279174.65499575785
1776,223722.94957721786
1781,351384.6847296894
1785,263299.3876688852
1792,244963.88368633474
1798,278707.2426530044
1812,200580.80384919155
1814,228683.43634871568
1817,126341.192051369
1818,182097.0436745534
1822,116296.07233680114
1823,117871.93098225072
1829,247937.57545120927
1838,219113.99440805934
1845,183464.7900898861
1851,221067.42752341606
1855,285343.9765013802
1856,167776.89562928735
1858,231542.97850034173
1865,219303.75144103583
1866,157372.95936020665
1867,175714.35106145815
1868,210854.7539390423
1876,131290.88089800242
1878,141686.22553118586
1879,169951.1948499496
1882,134614.87071320735
1883,133837.48596257242
1887,95201.82187697415
1895,163199.30722180527
1898,153250.18801935084
1904,22159.128398045927
1908,157984.75644797485
1917,132517.18673787388
1918,116441.51816527548
1920,120553.8837372041
1922,118486.39210606742
1923,156148.4465983155
1931,123276.80828639602
1935,114182.00196252397
1936,108958.14949569204
1939,111736.55632547707
1943,94746.99633557748
1944,120022.5508958229
1946,230857.62775650708
1952,81523.15340171546
1954,107607.39577564356
1958,139577.688560588
1964,119114.12211782366
1966,135400.29003832204
1969,98475.97381481627
1977,106212.30651616995
1980,74072.47222816873
1984,113517.24901721197
1985,75095.24294664108
1988,84970.39904080422
1989,131163.517600777
1991,153212.23280701917
1992,119906.34481616027
1997,115100.05821304621
1999,197881.84726575384
2003,113791.2458715538
2005,100660.40922546893
2010,108986.11427083639
2012,148023.3003114866
2016,125601.27252317555
2017,125439.58589988315
2022,183296.68616681863
2023,174152.80790562878
2035,146293.39511663656
2036,196257.65525174886
2040,111094.76321100672
2042,196280.5112892711
2043,79415.34162597467
2055,130015.08219224887
2056,112061.06765240847
2059,109839.80754510833
2064,111886.36728717048
2066,192327.6791326941
2070,129219.75589679973
2071,103603.76792905462
2078,233995.90389943396
2080,163348.94386285974
2085,134613.7628820344
2089,121879.45418579166
2090,192201.62328606553
2092,254838.7243048551
2094,253740.77571830287
2095,233383.35320161187
2098,325116.343463292
2099,280493.45235570427
2103,280493.45235570427
2120,145474.27249464832
2122,185053.41779745658
2123,158037.4914636996
2134,216030.64665979968
2135,123609.95464234447
2136,129063.43586764
2143,124279.42113928104
2145,306499.64462984225
2146,275955.087661855
2148,227509.12932971542
2155,297409.6920577255
2156,266726.40049027716
2157,161976.51109772877
2159,225919.76419022604
2161,206664.18810225907
2164,208868.75024080926
2165,195731.83830897755
2169,115471.11026308886
2171,96752.53001428842
2180,146068.07789918964
2182,497104.4415561276
2184,115445.19024181695
2185,70828.23174270004
2188,31674.23178816907
2191,89813.10247784528
2192,78095.21046075104
2196,166102.94925940898
2198,89755.3268116128
2204,175294.4587792015
2210,183885.4895774682
2213,125370.22512250734
2215,291116.3480378812
2219,276633.1583144418
2221,202751.14864099128
2224,194789.84383861386
2228,201578.78351174344
2232,106585.10858644283
2239,128790.06739059203
2246,260655.36649350706
2247,261607.94748144943
2249,147800.58305221057
2251,192417.8613640511
2254,156850.52103782163
2256,226570.2945987747
2259,218660.41006761114
2263,271308.3555254223
2266,223472.21917991713
2271,208299.50696160347
2274,193269.2236388557
2275,285645.84948842414
2280,157641.3033276979
2281,116099.97996970586
2291,88501.66204933575
2292,159984.68835510174
2295,181594.69946886296
2297,88723.28152982167
2299,141819.3919527658
2302,107552.55784571213
2303,107803.59419872168
2304,107132.17796776048
2308,205486.40811012976
2312,233043.3408699467
2314,165326.71433373634
2315,182441.0766033854
2316,170073.22788501432
2320,260536.74071910832
2321,282459.8978058789
2322,231420.30928546868
2325,165391.25541004786
2336,333389.79027192725
2340,289390.38916624535
2341,290617.41015119
2342,322912.80163319386
2345,233387.76978484844
2346,170580.24728134053
2347,163829.06566024106
2354,249143.01217916768
2357,195953.10773694268
2359,157689.55550239835
2360,126124.48359248613
2361,87419.86302037195
2362,72301.57628678688
2366,139742.68105920294
2367,122895.6882940625
2370,138657.1687828924
2373,123176.32505060217
2376,110138.50862741565
2378,165208.1946438694
2382,277590.50620212924
2387,291129.7009670128
2392,308079.37718974793
2395,304699.56205869786
2396,318469.79907576134
2397,273705.6306980717
2399,309442.4498606105
2401,350022.4241273259
2402,260012.72324393553
2407,220243.6133802027
2411,193541.678020829
2414,201939.44558308413
2418,286044.75329640665
2419,204616.5776884276
2424,221229.10416640274
2427,202491.947564684
2430,241000.0105001338
2439,225976.09093961993
2441,259642.18683073903
2442,245044.5924614651
2446,406489.6206188302
2447,345719.2721118798
2452,300496.554958364
2457,322847.09971334
2458,264118.2440643414
2462,350882.41224927746
2465,211435.95837773525
2467,213251.63590441836
2473,143540.35335364114
2478,194621.00020360472
2479,187397.7829030842
2482,184508.2550648729
2485,113393.51227785547
2488,171617.61311266277
2494,119904.2762976646
2500,280077.5555875101
2509,187779.94661752833
2512,201494.8325604534
2514,180731.20605670518
2515,201969.57079188092
2516,257361.1292650984
2518,185318.04623893532
2519,228898.45655837172
2520,213930.78405178853
2527,163721.78712244635
2532,115152.80422795397
2538,121211.36835357465
2539,134966.22988445492
2543,121828.25841624581
2551,135009.76088977445
2554,114586.2867363606
2555,94316.03825593504
2557,79749.03963840744
2561,127996.47775560996
2563,152917.35299193053
2564,139940.970841513
2570,121820.79968404149
2571,300957.9625454414
2576,166381.62804736686
2582,132510.28906170654
2584,176400.50354758222
2587,132110.84745468898
2589,119623.55030832569
2591,258650.7684287214
2597,103175.67421778987
2602,153185.72846276007
2605,185667.93829005715
2610,181837.30972271372
2611,152029.29585448877
2614,127005.68789678579
2616,197479.26479630184
2617,182880.0867502749
2620,119023.42239525897
2623,93061.34397544939
2631,155226.01988370958
2638,148040.99319287203
2639,115360.24779328743
2645,146603.05225583745
2647,94286.1436768498
2648,123961.01128197068
2650,134759.3315122416
2652,127232.38886993771
2656,83715.41213519222
2658,162944.94034319144
2661,208860.63373604533
2665,190599.22864360263
2673,160981.36497824386
2678,77635.03060632959
2679,108913.49098623275
2680,53255.78748512031
2685,109533.45133611163
2695,120091.71395089678
2698,129194.42674890699
2700,219230.04683253638
2706,132723.68841395376
2708,142697.35749237917
2709,137003.78009642445
2711,134284.77714213426
2718,204956.99540824746
2719,203736.05386091868
2721,176216.38618351577
2725,159914.8995372847
2726,237117.31709710177
2732,211363.18345689232
2733,128334.77928171371
2739,172416.354071821
2747,187300.00941330922
2751,257033.30277805356
2754,218982.84546794993
2755,256123.38892801013
2756,234725.28853752543
2758,235688.97731334768
2763,214072.97899061715
2764,247613.5588665444
2765,169108.107812594
2766,152448.46258652367
2768,178948.63404955188
2781,249141.2227653144
2784,181552.7301832654
2785,116744.8323004113
2786,109184.16029107537
2796,259154.21387533203
2797,279529.13006846036
2801,230170.82386114373
2805,260456.74469908536
2806,222969.12452014198
2812,220595.05394611653
2817,102877.29688469766
2822,133492.97418910632
2825,254027.60244848212
2828,160898.15380227013
2831,198508.28919333938
2843,149056.70047025252
2845,89864.95584128879
2847,159598.19297922793
2855,176543.30221586826
2856,126073.83630138548
2859,147993.13227002395
2865,197181.8682605306
2867,172387.2115074263
2869,178793.67531084258
2870,175214.92026175177
2874,150181.4211578478
2876,59173.18382555446
2889,155153.28527127177
2892,264281.3983910122
2895,261330.4866091567
2898,253467.641608566
2901,296676.91868518875
2902,306465.2850156977
2908,123383.31942417414
2909,117414.70781024225
2916,143258.0758350077
2917,75986.64901554171
2919,71944.48917553521
2921,86995.44393127845
2922,207681.79107784404
2925,148344.1813974878
2928,106279.71786565096
