Id,saleprice
2,88531.27480029437
4,228846.62451438417
6,171104.43743234506
7,214925.7933161072
17,173374.33938760243
18,326633.70740147016
22,178609.67162709677
27,86818.08713468674
31,67125.40304797467
36,117580.78354274534
39,349675.1697256359
40,238426.59398171262
42,312067.02302279975
46,219286.69146653172
53,134873.80910825392
58,163536.72362728356
61,306061.83470743796
72,220834.18539368833
79,77921.59380468115
80,168564.49664258704
82,144571.34862787306
83,63945.864693229145
85,115999.59143113418
88,85642.35370370444
92,276508.76070781867
93,258492.56873456412
95,144417.08869049736
102,157711.8580651356
103,149920.196256338
106,215250.51899410525
107,136091.9015149637
110,205183.8347702811
114,168929.79847627235
116,164478.7604218899
117,133583.6388578306
118,123534.72712262967
125,150576.38033187055
126,133217.4006327944
127,122216.57087478314
128,176367.87388526986
134,105813.53756115658
135,159725.10073911486
137,223889.20112360705
143,112717.40364330754
147,103887.03188786199
148,175950.60464763112
150,79320.9506810144
156,115737.03638670711
157,112196.67367298111
159,100130.30873934648
161,254121.60368345847
167,110955.64087817777
170,110687.30060721471
171,60441.21924043067
175,74441.60035473762
179,104991.25760109953
181,75856.54769334252
186,173504.63909070074
193,140644.97234702372
194,72814.46879544429
206,90828.4144917965
208,99610.94960935514
210,130292.68752144469
211,91774.83426950022
212,89569.57856609958
214,59967.88622430549
215,101065.96144339208
217,107536.60760405424
222,134628.46923816195
227,123980.24856747582
228,148643.66148727085
233,213423.8896479038
235,91183.71593789084
238,100129.21844924222
241,138851.4390884041
252,154236.77960600896
253,165692.47146997805
256,131282.35611888976
257,156507.13658965
258,166163.33849581034
259,153053.54071228288
261,112798.84466822387
263,106968.57070402666
266,204387.04373265352
267,188646.1648245124
270,108073.37223162244
271,230781.7940977645
276,97125.78873215926
285,131796.01920178803
288,25592.777111459407
289,126267.87989414431
290,119515.5301922583
291,125067.04926952822
292,98466.95129398887
293,160154.71373534773
294,199212.68790944785
295,165344.3639685008
304,114800.40869780259
322,284515.51645470207
326,149367.38006840963
327,51320.96704461439
328,106678.88798976748
331,65006.539430791454
332,44866.19954214184
333,56643.32837165889
335,107222.73140730204
337,149632.28644540277
342,92189.72251503881
343,159058.28563381662
347,157767.42088194954
350,291075.2966714906
352,221548.0743916704
358,180358.44900118565
359,152939.3724728432
360,133392.76014007578
368,311483.1147276431
369,264654.68832798954
373,161698.60973768146
377,201307.78688631675
383,191908.7549587543
386,188021.72896392393
387,203739.77540146618
390,144562.54476479616
391,131270.9871839924
395,133511.3370045357
397,108076.60289157514
398,99642.20569341876
401,80320.06839486683
404,90913.54980447114
408,97764.09395538576
409,99480.40694821226
410,120670.75974994423
418,90451.22834827579
422,403710.01030170795
427,316274.13882102794
431,347968.9956251466
433,449094.16837116936
437,333899.2797043525
438,262561.9211757831
442,318734.5742606069
447,218189.01695130218
459,292738.24963594665
460,252186.91482777038
464,167990.5762679792
465,154252.412357887
467,154234.37341393513
468,162839.909292206
474,136916.00403429344
480,173199.8102595255
481,177934.02469916528
483,197418.23011273664
488,146154.06619142645
492,154647.92298098025
494,160626.8302321921
499,295037.8931109283
500,253063.48412713548
501,306012.4853290251
503,241307.53338841948
506,232912.64205204835
508,231845.94491385831
511,241353.86294599206
515,215710.5089804902
519,223601.00352863208
521,229554.42407035438
530,202746.88285979832
532,188255.43008005197
534,147693.5627640282
540,123772.3982924189
541,90083.8136761571
551,139057.45307014577
552,133130.92145425366
554,80926.5675683198
555,100842.175289692
556,104042.26320637784
557,98228.36990828291
565,232162.4333297814
566,202976.91901920343
567,140492.55068266028
569,178661.95898059546
570,161539.53001036658
574,178170.32062491402
575,274772.32181242714
576,157272.9935682896
577,162167.67325347502
578,181179.1564370875
583,211478.33081813526
584,215071.3708745148
585,131215.55265548025
587,162015.82550455228
593,186621.31319466446
597,180004.9408105744
598,151939.89422250897
599,147259.02807622147
600,106728.95855814464
605,121908.34080248437
607,144165.01763878472
608,136607.6907238891
611,154145.46250010555
616,81710.7971783809
625,159100.54665088363
629,105674.2474550753
630,105731.97821332213
631,110764.92240078187
640,143399.79507910268
642,122268.76295715797
643,123182.75308507538
646,95513.10644826724
647,149360.36071628053
655,64320.430580224376
659,105071.364022117
663,9966.802518129465
665,75288.77139343307
667,165464.6887811538
673,130553.45537946119
676,106670.4667200965
680,116977.65886249003
682,94703.24845990998
687,109454.87123247252
688,118194.5823677846
692,75640.22477846616
693,85522.5463644131
695,125642.87190733117
697,112022.60291221038
700,87849.28783128638
702,87285.55884267167
703,116780.02765839938
704,80531.23350869244
712,54606.25191904853
713,56211.49491678183
717,165982.30644225483
720,140222.00997063844
721,25535.157231063436
726,130663.76850059335
733,89681.28015134535
736,107865.12643915786
738,62068.010849770784
741,102258.37031497594
743,19016.718727627187
745,83107.38950469955
750,134487.62105629133
756,75118.72426892465
757,90420.51936394363
758,118880.95362176815
760,74922.31105525402
765,111518.41471695183
775,111601.35505373949
776,106585.87961482407
780,148005.1024827488
783,211420.65337216502
790,90639.60598806801
795,47487.26031896102
796,75248.4709896994
797,111731.82474267436
798,73787.9466439162
804,174799.2143290211
805,193392.89061585907
806,194474.76471574153
808,84749.40598079133
814,123990.70065072196
818,268066.03558825667
821,268943.3908210427
822,304439.4401224488
825,253221.77640171707
827,210017.1433694266
830,182694.3231727089
834,223518.46537617012
835,188944.92326199025
842,120374.45369694056
845,180376.57752657324
852,195471.3141913989
857,127678.62945649835
858,127717.93581272181
859,122590.6494177393
860,100690.19471632733
861,99728.3726774074
864,204778.70185786742
868,157176.67522884673
869,167056.24817422163
872,245542.10535057064
873,200954.68684146146
885,85062.03834172992
890,79256.04666239642
895,73875.34836673118
899,45461.32562320598
906,104358.60724165001
918,165972.84186278592
923,138907.432517049
925,129905.23679728912
927,129082.08985452435
932,206188.78365779266
933,74408.3319553372
934,108782.31151329257
942,67092.85649496263
947,208831.20542740915
948,235708.05219284116
951,129957.56928585995
957,294968.080505891
958,302521.8918978934
959,195120.39899516574
963,158979.70852419458
967,178261.4116573359
968,300543.8895400921
971,126078.33814188169
972,139593.92906668602
976,60672.88626787573
978,44515.95847413025
979,65648.86218437269
984,94930.57677991621
986,130425.43290390071
991,193864.4195258092
996,198919.32894974723
1001,243125.361291128
1007,170404.89602425066
1008,149379.6107887724
1009,209620.48318109108
1014,106022.04819985192
1022,175037.50797537796
1024,150588.37073407043
1027,113158.02545503291
1030,129081.54411027441
1032,123473.6216021209
1035,129688.30016138201
1042,77769.55167152455
1047,117129.95044244302
1050,75326.02316277065
1055,279904.26590228576
1059,358021.8548072401
1061,324061.3724964996
1064,427288.545338362
1077,198687.90420811725
1081,204169.86716917309
1092,218502.2178230597
1093,165172.0820005817
1095,179571.71398325285
1099,250214.8712615535
1101,275206.42295537714
1103,271722.289299051
1109,249774.88684057203
1112,201314.44108318002
1113,201740.46225417228
1114,212455.75703728426
1116,217354.91388046968
1117,204628.36012946934
1119,254923.69324543164
1121,200875.6479170323
1122,192253.6948738557
1125,233913.8455320981
1137,123047.08536239757
1142,179243.162318769
1144,168681.26575851173
1145,154948.94693693647
1147,142442.11854633148
1148,160151.74908735996
1149,119969.90524775394
1150,86688.26464467344
1153,59307.14448505377
1154,70061.93725252488
1159,316071.2994284467
1161,130868.78219323045
1167,144797.2251802469
1171,222355.9220939034
1174,153721.72262577058
1188,167664.49316916292
1189,147866.03113828096
1191,112131.90334928801
1195,122719.06518290058
1199,132821.77189400193
1201,196520.05278279213
1204,162593.23793089553
1211,121733.4254565567
1214,223166.26886776436
1219,116886.34438850668
1220,58075.050218557415
1227,167391.23480245232
1229,221190.19932326805
1231,116844.67817849919
1234,182719.06919291057
1235,104878.40314646605
1239,149920.44678191058
1240,164770.69213867703
1241,137943.96981764515
1246,99815.01024311024
1249,149207.19989542835
1250,103606.89168482543
1252,109539.14719468461
1259,133871.285005497
1267,105727.84581557437
1269,97444.9869060543
1270,98735.37330170153
1272,81002.54162125383
1274,109193.93257485662
1276,99905.46188059513
1279,127330.39154055895
1281,147047.9657768121
1286,152750.4900719342
1287,94800.56357342741
1290,47010.87208336749
1291,114908.17016468912
1297,148595.82953263292
1302,126149.39238652583
1303,32105.260179533274
1312,71634.40621534809
1315,111419.03354840609
1322,37527.055794249
1327,75741.6775451952
1331,106226.11486745295
1333,78942.45101799339
1334,101727.66511867114
1336,108257.55661415786
1341,113565.74220392633
1344,63837.19442699858
1347,102031.17819632532
1348,128050.0177158369
1353,146481.5089594988
1355,109094.64363780394
1356,79406.24772072189
1357,169326.8116806481
1361,102052.234777386
1364,99301.55343557641
1368,79105.74196625529
1369,75963.7387047864
1371,107134.04864924404
1373,95474.33823213312
1374,97937.61962328458
1387,80378.14002550935
1388,70151.03138614805
1392,140728.90973010336
1394,90937.50061979437
1406,153861.01484542465
1407,225442.73545685806
1408,166609.6300317268
1409,143014.823202953
1411,171322.87572019442
1412,88018.82606483906
1413,111050.49090049727
1414,105566.27607774746
1425,209643.68863247335
1430,179676.4272472883
1431,202922.60307035496
1435,201836.06153522388
1441,193309.05431254487
1444,192621.41353156863
1445,112475.82127276836
1446,115762.8997652278
1452,97932.55465973984
1453,82417.24815867281
1456,200442.95507827637
1457,186339.3246585348
1460,217476.0614345919
1463,211563.09889486877
1468,193635.85091013616
1471,211455.9480944119
1474,179610.932923528
1475,177522.57189203738
1476,187651.68213684042
1478,176115.36485840598
1482,116203.63580248161
1483,132967.9456867937
1484,116954.31072879006
1485,141253.93380224262
1496,132231.2602219684
1497,118757.33247447429
1500,101919.24795839362
1506,105799.42204750529
1507,89744.2633649025
1509,90718.14497553252
1510,113923.62409778488
1513,83141.63362243964
1517,107245.04108468772
1518,165068.13814033385
1523,151619.1357292853
1524,122870.71996859682
1526,133598.3567233387
1529,159663.8486229805
1531,128286.83293007623
1535,104652.41817245635
1536,137079.06012516713
1538,303127.76632481243
1540,224290.29382940772
1543,84557.69548331201
1545,108239.66756889422
1546,101124.29486208374
1557,79544.71314727457
1558,62514.152146327804
1559,41452.02235615521
1563,264551.4824603362
1568,143622.63006555752
1571,262429.4634859893
1578,136863.57900418577
1579,199530.8710107464
1584,226617.42182722123
1586,286673.8452009795
1604,105982.82136425149
1606,129429.56099588374
1610,144891.00943271717
1611,86545.77437174512
1618,148857.9397741847
1623,168144.35897138447
1624,148257.5877762629
1628,148273.86865221726
1633,204301.872616907
1645,134698.21984989726
1649,214545.6638380951
1652,121148.4578494759
1653,130575.83860490116
1656,119310.08418621158
1662,174018.46982919643
1668,78967.05028589202
1670,70141.54431408136
1672,87981.32083399754
1673,102865.87243861567
1674,129028.06640945683
1677,79664.85084692299
1678,97532.36962798574
1679,87538.28901968776
1685,356129.32508519525
1692,380837.1868457326
1693,306104.82056096254
1696,398280.7472014004
1709,296246.57678500435
1711,280320.3546277987
1717,192509.89982153097
1718,183873.38710014874
1721,207352.47476164254
1722,207705.64524153658
1725,272082.24666094716
1726,206788.29594679925
1730,154488.74995511447
1731,152502.30845831154
1733,183739.76763544933
1737,177810.3956033127
1746,206430.2065016465
1747,185590.25266035108
1748,175506.35268545063
1749,187648.5195189147
1760,157046.0190730182
1761,409591.98412022204
1762,304131.37296026124
1768,526599.4172488824
1769,243259.31263312412
1770,268510.6930868059
1776,167613.51841271587
1781,325484.62413437694
1785,309446.5222982667
1792,189861.577400818
1798,224068.94796272268
1812,166489.26359703403
1814,204239.31985719383
1817,117215.72430177509
1818,129900.43365171843
1822,102385.88394018472
1823,93798.38033901792
1829,230975.58943081746
1838,171199.7683738108
1845,148005.48006637255
1851,168437.5203686474
1855,267095.0674775597
1856,160529.91352407078
1858,158518.66879067558
1865,203356.7772709917
1866,150797.48166518932
1867,144351.9219740045
1868,191439.62540952791
1876,111789.41830525467
1878,108732.08927968398
1879,93062.19034212951
1882,126023.96530368045
1883,91222.15880310524
1887,80444.63834026549
1895,100777.9923006095
1898,128379.79850399439
1904,37705.29658087934
1908,111869.45775046262
1917,112205.76086548706
1918,95833.68720527865
1920,106018.16276011085
1922,95434.84959552568
1923,123577.66561333618
1931,140434.80137618462
1935,106235.22976562477
1936,107103.8207954399
1939,108696.02162197357
1943,102426.98573961468
1944,96386.88017458124
1946,188959.74336648427
1952,87188.03629581475
1954,75164.94051746678
1958,90901.42476552169
1964,124003.87862031774
1966,115750.28131471269
1969,75657.25867962376
1977,77653.77956073875
1980,84647.6417138685
1984,73060.9084189342
1985,76792.94882386504
1988,94072.0498423157
1989,90328.1908666348
1991,105104.78976373133
1992,104599.23326219716
1997,110853.99390353888
1999,169559.7800506896
2003,82970.30227201215
2005,82814.69719716172
2010,120406.66110596001
2012,109691.61368444127
2016,120240.41584952798
2017,102863.92686037949
2022,141056.65898755187
2023,130535.71074681618
2035,94664.34815163027
2036,188291.68113726436
2040,103775.59806138504
2042,80290.43337089811
2043,60749.746075848016
2055,116837.05691232134
2056,77119.75522398953
2059,79003.11971585781
2064,92418.45497989743
2066,150485.2891775651
2070,122977.37712716278
2071,86144.08567694746
2078,223487.9033862574
2080,115179.15850486561
2085,95147.60376651649
2089,114616.14016094686
2090,121202.46841346516
2092,186259.67287499004
2094,227255.69345427147
2095,185071.83165789585
2098,320813.9785150911
2099,222982.83743642224
2103,222748.1716199159
2120,124229.54333370476
2122,155527.3057863504
2123,154571.49149963632
2134,160387.40945436008
2135,80701.10340599355
2136,118059.97614787292
2143,164514.72675093566
2145,236667.7620450462
2146,195459.6138344076
2148,168307.14258993493
2155,241658.81431103553
2156,212484.4396251899
2157,110109.14754403086
2159,179129.89831004015
2161,160478.27496558207
2164,170982.5627559921
2165,163497.66179431527
2169,97185.08158579766
2171,81001.57138155414
2180,129576.9516245322
2182,421934.97465943015
2184,94931.60892890283
2185,44871.50142416154
2188,63288.47816937631
2191,80793.23188637214
2192,63457.177639666756
2196,139583.27394705988
2198,86924.09890186037
2204,154195.50000705192
2210,152580.6370865692
2213,155624.15629991106
2215,263854.98969538073
2219,230294.928879095
2221,241834.18918271398
2224,179958.8624872545
2228,125099.94628802784
2232,100071.7044978933
2239,84733.61705826796
2246,265176.16152077855
2247,256295.4988645129
2249,155828.0163410143
2251,170816.56645362347
2254,136474.14654591796
2256,184656.9944128394
2259,220855.07014013638
2263,236567.60630379646
2266,186929.4692766096
2271,177847.91970985403
2274,229924.66870693298
2275,278675.9373246603
2280,130808.25006123522
2281,151657.3356052143
2291,35324.38597368196
2292,134009.31350172384
2295,177341.650359965
2297,83804.55466888909
2299,104971.99207423018
2302,114481.52472462456
2303,95991.27507139341
2304,95975.34568838666
2308,167695.2357031562
2312,178460.98651803023
2314,150136.3888688161
2315,149293.77761047956
2316,175040.95010280894
2320,203552.26959494466
2321,261074.52900288082
2322,211592.05823765267
2325,140935.1212052694
2336,362957.5840062821
2340,288461.7262672004
2341,313089.72815779026
2342,393809.00141543744
2345,208969.26667050325
2346,159648.5568675102
2347,135132.32505212043
2354,219279.226339919
2357,174651.1672360437
2359,127287.95757076266
2360,107674.01453160653
2361,67979.44203959216
2362,63374.10300438346
2366,98319.81907196317
2367,68030.02862402296
2370,83784.2660839342
2373,68841.21219310239
2376,100161.00500709107
2378,112715.1641874572
2382,234487.31651216507
2387,290862.9084300895
2392,354705.4445759362
2395,324594.1759080933
2396,340984.913141244
2397,287963.59679369995
2399,337555.80179381487
2401,384860.6079659121
2402,272627.24140004953
2407,194108.2591291268
2411,165120.43415513518
2414,197312.9340429585
2418,228504.55554238704
2419,163006.16867101938
2424,138514.61718550266
2427,161454.3640673912
2430,193317.31808830734
2439,176719.6937852583
2441,212506.08340940575
2442,194073.3802226084
2446,406688.2767749291
2447,346346.00030148926
2452,300055.7159281301
2457,293156.9597057933
2458,257291.6636931608
2462,308957.29113314784
2465,179545.7309798274
2467,180386.40762178478
2473,108462.92725553652
2478,150503.17767066968
2479,149804.94403738301
2482,117425.55535771897
2485,105852.53268218672
2488,103104.9584267267
2494,97600.87053425824
2500,235025.86351239117
2509,119029.9572901596
2512,161840.9697942065
2514,121220.36137948219
2515,172165.7122505134
2516,195858.05989045167
2518,150824.85571624833
2519,160978.0734856379
2520,139243.00470162785
2527,149084.03578531017
2532,101710.0843303252
2538,97829.65402493058
2539,114804.08743303633
2543,84720.39430749384
2551,115846.67338662199
2554,101226.17102916764
2555,101704.3402152277
2557,77612.57099691787
2561,107513.44737813805
2563,117311.16560161003
2564,103105.45410170146
2570,73123.8665218593
2571,172238.31620195523
2576,115677.02443997766
2582,136418.6028144466
2584,117549.27132313719
2587,92786.073860684
2589,88448.0289584318
2591,211315.79931099928
2597,90697.48255773059
2602,138302.86637478793
2605,124224.87348614435
2610,142282.34269725886
2611,105337.87557618509
2614,100580.45038942252
2616,185240.13043463242
2617,167386.20179567064
2620,110863.86168686785
2623,74886.92509709983
2631,139569.82936306382
2638,118712.6201018476
2639,107825.78752338617
2645,92569.09608795763
2647,51215.19390527684
2648,110324.70998360348
2650,73403.31840699964
2652,100809.04067276456
2656,112841.61767088357
2658,117861.73004752488
2661,146758.74703458574
2665,134139.5810521454
2673,120497.10575163818
2678,89127.86630293952
2679,94036.13179907143
2680,52148.49465005097
2685,83813.30326736414
2695,89249.97018193403
2698,84878.06933800816
2700,105985.6167788658
2706,112122.32271658763
2708,118628.52230118311
2709,122231.40416260384
2711,90080.57776514474
2718,117525.85483329935
2719,126256.39443054819
2721,142083.766965219
2725,149945.97605393504
2726,183908.79262627393
2732,188988.85854681657
2733,109664.97996710033
2739,140163.54883122706
2747,145691.89390218203
2751,190256.23638821163
2754,177460.3643766325
2755,202624.21158555098
2756,176985.61377352462
2758,208116.21677834485
2763,166793.0681551183
2764,197822.34966118055
2765,153265.413315413
2766,152893.67245143882
2768,148755.89195676462
2781,183326.06933809223
2784,150491.93290801576
2785,118544.55778003018
2786,106377.88570394983
2796,205296.57301392136
2797,230180.34417287353
2801,204936.64763082832
2805,230962.3730585324
2806,176460.50643088078
2812,157924.00661864743
2817,70349.18374540952
2822,101410.79101947696
2825,193169.0014940855
2828,116048.48954758237
2831,97703.17459432907
2843,108926.73867585111
2845,64415.83316076295
2847,116666.80573480218
2855,141768.18725879624
2856,117147.4740226955
2859,108657.64546748418
2865,183599.7813693414
2867,168141.24471498968
2869,171685.13685046745
2870,213641.09211859503
2874,120719.10511189968
2876,47610.583137286216
2889,135495.29125669447
2892,284969.41928477463
2895,219765.30185912826
2898,198715.2130007209
2901,278272.8603217301
2902,297098.4717898025
2908,109592.7168544688
2909,82809.54281424794
2916,152965.41420589597
2917,83466.16724264329
2919,37704.420322270336
2921,50599.75595901553
2922,151792.55076333473
2925,152743.56965793314
2928,96580.2095215211
