Id,saleprice
2658,130323.67009488956
2718,144939.82083574872
2414,225757.00689202244
1989,121071.36351841255
625,183579.53318701417
333,87634.48463183842
1327,97921.00866205979
858,134484.44027108053
95,181945.34593553923
1568,173075.08479885227
2482,159121.21221086005
1364,124378.82319522122
2584,139864.78924722073
818,291565.9444559973
2673,163984.02878814607
2089,142640.2905078865
1297,148076.46479559757
790,111604.92533591812
2616,183601.9110069688
720,174973.8842288029
222,154561.51102911262
557,118936.42762246807
1148,190834.75446115772
2766,193360.22088144458
534,169987.5079575148
1452,116362.09375022279
630,148854.56033402693
2648,142105.51248445254
125,165178.06748278646
1904,59782.48039107365
1670,89943.02821267048
756,99171.68257747283
717,211954.6543411552
1032,155014.21297316905
852,219310.28647728078
1731,180335.61593288678
2639,133716.0915294843
2071,102810.3556164249
1267,131726.19468895646
1851,188701.4066129347
567,179297.71650418648
2439,208454.68089940844
1898,158048.60181132943
647,176181.79558409096
2256,218675.51747192207
979,91774.95223726812
1444,218592.7407801039
2485,137392.38346665006
157,139822.39477143003
88,112387.23312173922
2003,121171.84303417098
186,189681.87148964423
1425,234048.14440764274
2695,123670.72179591484
738,112243.45726433628
395,154565.1598434257
1353,171543.16429001075
1878,136349.92919963342
390,170132.9303707721
1456,226914.2862266394
1103,296410.36873573647
1387,122688.08049197405
2070,150832.64140015657
1199,156536.04943644267
2479,175341.2915325443
501,319403.2374502755
2362,92209.65742013048
1718,213928.17421408318
2188,87266.99199263452
1483,176100.30086708773
2557,101349.03340269346
437,358064.929417226
2224,206508.5888733213
1628,182783.87389550937
397,121613.86014191911
587,194185.9043216727
2182,480690.9670376207
971,164244.0226774979
2611,133296.69646475866
1887,99085.11662377966
2399,359545.8756117003
2148,192340.515048006
304,157929.09977587222
1997,134839.52108493674
2817,104340.27016496405
1431,226010.8975428029
427,339361.82278072834
263,134143.35270744015
598,177388.65660342848
2895,214539.49077138794
687,138859.26893807272
1822,127704.26571176242
2191,101184.55332977229
179,124408.29840624705
1009,251057.8933875394
2010,149265.0502908574
1991,140024.62402042915
1411,194658.15199718386
1721,238204.06313243633
1144,194195.48308419774
593,208447.29424963056
575,284091.01263109373
1249,172599.51408604163
1604,130842.45048090845
1064,444191.5997042313
1923,146450.8861690564
1988,108753.68280774921
2325,167381.2596956222
114,203566.57428242633
2700,132780.8279514627
217,140162.37915193042
343,184302.93235795782
386,207827.97298660624
2005,126082.58216416505
2908,136403.3236337147
1814,239690.00716458488
2446,439238.9291177803
208,119506.84603662069
1679,121265.51015494534
822,329989.98523143225
6,195845.74966336982
1781,354028.5877760342
2397,308308.5084859581
2340,331133.6387500743
1618,177823.07973238794
2843,149033.93792656055
1061,348505.06822419947
2786,129247.3953156214
1935,136855.15557919937
1341,137751.73770949428
521,251102.76083926554
2136,148571.5230400192
996,224286.9228491328
227,156941.7114109158
135,179529.9806882232
1167,173178.6259349716
294,214818.5876465154
1776,188654.89596259236
540,164677.70273898466
1717,222476.58773095303
2303,113528.26455465116
116,187106.5264730248
127,154751.26608606018
1371,136399.71648050775
1014,157491.05628261698
1507,106999.29621862003
702,116494.61637353849
750,160288.00418251666
261,131488.71395422955
1559,79740.02175409153
577,187160.66653976103
2812,188318.08261263763
2080,143781.2606495499
1368,106859.2223862068
2376,126400.73400774192
659,127545.79985065843
1235,124259.34647809638
332,84953.4715976124
1917,136683.6917766964
2094,248292.53438566835
1460,244169.7819326003
1471,224779.30299043082
1509,119349.51876815091
1922,130581.31054328883
433,425448.977093332
460,294155.81410545966
1116,242841.34281289703
1137,163222.39833795273
53,177394.6247509106
2354,239576.04831819277
1475,200920.73257589003
1761,436656.8828223103
842,144704.38569895845
2739,171082.5278404017
2509,147043.73611892932
1007,196616.86543956317
2610,181805.48781534622
1952,110951.35594598667
2719,154224.51238293012
2921,84725.89666342175
1966,138454.28482385314
292,137509.91058535286
1204,194294.06064082088
1829,262289.1495136457
2419,191311.03200916987
391,155833.08620516444
798,101818.85993392866
481,204947.00287500513
193,183199.82057376188
555,132085.78232920225
899,63387.51905313096
2357,199484.11161659224
328,131609.1499295867
1356,121855.13793363722
1154,94012.44810185574
1730,182287.5278694866
2249,179271.29195316217
1119,284203.67144225875
2856,161424.2491549333
1394,125154.83117446839
2587,112212.76266886563
61,338360.0717644389
2661,187992.19362468642
2711,117010.78882943752
1147,166049.32568013942
757,123063.11723187406
2623,101387.98395719538
2378,139621.1630402484
1413,126337.92222543701
1722,245869.10031527973
1112,232016.1768102649
1623,196920.1594532525
1201,221230.98236289987
1513,105046.32731083652
957,397553.75278171676
1171,256358.38648955937
1145,185365.89186781328
2726,202162.25325777577
703,147357.13367703647
760,95926.99994948102
1964,142739.82364477793
2512,199718.9823620419
159,122037.24515667211
1281,174440.02255161977
468,193765.97772183263
290,147671.99480403715
665,93371.06796988563
1463,241952.58303551888
1792,218847.44297490997
923,163394.91888601548
500,278310.3929562477
1408,179912.2846915085
331,82828.83895782242
170,143989.0737206276
2192,86262.1117949249
2571,255401.46852877364
2314,179784.35236919668
2647,70655.40399976775
422,423529.45573253057
2457,323640.29304951837
1838,210244.68623972163
2805,263687.69025137514
1645,162428.22748457745
1711,303178.19721507054
2825,212043.93827760738
322,331146.8927773767
2103,246764.98890091083
342,115654.57546281538
600,127199.01514120717
488,170549.4608180442
1725,312592.1816139256
2246,294660.4588700878
2847,165858.45230845665
806,220008.94324392377
530,222679.0251426529
963,185029.5684286573
2678,116881.69423438222
171,85529.41268925126
2401,409784.88943958323
805,223099.37629041862
2259,244538.76280373664
1748,211484.00466822198
1361,124868.810361059
1677,107084.50203894504
1406,180575.68334928606
2322,258549.56185965656
688,144578.00523451064
143,131460.65955846268
804,201995.88551987254
1214,177471.2841968629
2828,157872.57282822742
1999,201206.3544116957
2467,199766.9376577997
2665,157975.32156078346
1538,317246.32310387434
398,121947.05849186186
2822,134744.9291156629
2157,151904.2827134041
1856,181263.91452077558
1269,124610.80315497458
2570,96926.84919667567
2320,239732.46229896543
1517,128880.5058948829
2304,119380.22419592467
1312,102057.93915953946
2012,139343.37603379705
506,260927.06136336026
2865,186001.38303915906
2367,94828.41250543868
554,113879.71477687865
238,122356.1296697425
1954,100975.15906309296
2488,148793.90194326304
2291,75167.55816328082
1969,105277.45151170074
2725,182927.8374788367
1482,160009.97187976612
2763,193197.36061421395
503,269320.7381790251
1584,249147.30915217765
1531,157256.75700770025
2210,154241.3939276349
459,331049.559345908
556,123547.31898874434
1347,128546.55323647585
1290,73396.45379392218
1388,99842.42876092349
1571,358263.4354860649
2754,201458.80105525017
765,119474.87352527179
2494,118559.73968305887
2870,222535.9864086365
7,251508.84718911973
1114,242698.69543409566
2418,256542.88763942535
291,135861.15969770227
18,357036.6467533918
39,369805.8314267029
1001,264056.87410378305
2442,218405.26236900664
616,133130.0833445015
2680,73476.7353551648
1414,122430.67579981784
289,155997.5589316697
40,260227.34354258457
860,139352.76090386522
409,128962.67310960536
673,151683.4107837578
2427,203399.60449472797
2036,213160.6163220096
2564,128354.55681417433
642,152073.85050164253
1008,179244.3497735569
1908,135759.54692964128
2519,205390.25831060106
1369,85980.42601298793
2855,178052.36951608842
712,84321.67774011432
1943,131979.66302694907
1958,115855.22533313936
107,182837.60199549785
2295,202980.37330467408
704,105785.28291100671
676,126245.0403390098
259,178985.17673495723
93,283299.24800837983
106,234338.40526789194
2315,173946.25090951112
1050,99138.3097271655
1095,208297.68916987578
2709,147242.94797435947
758,158735.09447615678
1496,148964.20443551094
2370,109618.55585826024
2458,285942.3978870553
2733,131573.64278568793
161,259921.4143892253
726,158071.1472237916
845,203971.47198503395
947,238408.7658047352
2232,122765.1089742881
2563,145968.60704298867
2299,144491.6096251439
211,128254.16995843581
605,156252.9458905094
1478,206372.7200281145
2247,281576.3779518674
2274,259959.13835290394
2869,191678.38897336443
967,202938.73803799693
2656,130777.41105289436
667,192935.8972951259
1042,104503.415454438
2023,155187.58246147828
2447,371635.96445618075
2055,156586.7667293003
2275,310856.6975888343
2204,167763.42679920344
1563,293111.2440495342
483,229562.7305353926
796,116870.39188019182
1526,141537.176268761
2042,130140.75429744268
442,342704.89541071304
1693,333213.01368341106
1468,220634.5143196258
1430,208675.02206659035
2605,152532.89423879946
1529,184936.9788131322
335,131405.55824235547
1287,118419.38058144505
31,91434.717630667
1785,340019.55287704477
82,167329.7404036546
2620,141936.5430997595
252,183069.2136387181
721,76161.33083499913
2165,187327.61764031133
2316,212225.04799626447
775,138323.43761617615
1558,113053.35598830525
17,208710.41134991404
1022,206873.82969270062
925,147553.44923547166
438,283930.4996080318
1270,130738.08858535027
1272,114758.20552173155
215,137027.577401307
266,225176.50801238642
2402,293164.2512632812
1250,122003.50252207436
1984,121306.7427078985
1279,152642.84620745922
377,218812.65571494203
1252,162811.47950927817
2156,238513.23978683935
499,322722.38206802227
1374,138236.3715663555
2898,223216.53639544357
401,108725.81644103835
2721,179078.6005181131
2078,238205.59657174099
2589,127877.78205520965
1946,231837.15582169525
1334,120746.76865029449
2781,212311.44053373107
431,375393.6776007267
576,199400.65066112546
1474,206060.81481837702
2254,156624.49896925178
2155,268333.5890488828
885,116769.33266992905
643,142583.8667935114
1944,124189.04521052499
480,200026.45170982764
2845,87474.7998981141
2387,315936.72309600364
2407,233365.4116025994
2527,178994.60815471495
2514,163683.73777214077
629,161847.97082839184
80,187065.9337984355
1876,135678.48460631684
1546,122181.69399058705
2518,166079.49471651152
2347,155208.76162116148
783,241211.3944500615
1322,61803.63096703807
194,88372.95278600829
1770,295422.5215653046
2143,200974.54365633262
1229,252182.28051965928
511,266632.7313197729
46,257731.74476367337
1348,151630.83491275497
2465,199085.26486130513
387,227574.7328419702
873,224815.1748354474
1918,118294.24873762848
2764,222868.27704877715
2184,115943.56526866335
934,151928.73982404443
1920,131380.86732991503
2631,163800.3049434426
1768,468389.8533046652
2040,123674.97285506631
1749,214034.10279563587
834,243691.24380158153
1457,212659.39662648275
79,128730.31900199651
2302,130752.82912971485
1817,143652.6521697246
2755,226373.17235044175
359,180142.20428061744
2059,105064.96216002943
2092,220852.83146178094
2516,212282.57525551715
150,100458.55841917692
1656,142433.28811857547
83,91192.82348973377
2411,187944.43378254242
795,80796.33895451298
2312,206180.12064922118
2917,98693.36151666217
1624,173086.44286811713
2215,277809.7510095507
1211,142613.32542896672
1485,178567.45332680934
1024,179269.82657601315
570,199232.63178712357
2874,142469.76257519063
700,117830.0389131384
2756,201169.61595092033
2022,162134.98539617588
583,234040.1103645121
2392,379148.6417186771
2424,182607.5156551585
212,117850.834573703
736,129740.68173696134
1610,170599.08827542196
890,90017.94253066719
467,189123.99724520525
578,209268.74120848987
1747,219208.77776941945
1149,160167.2288545592
2758,235676.88027470506
857,147577.878924406
2219,228091.1774260081
733,121266.19834374747
2909,109763.51702072487
1798,245029.83221609087
235,141524.982755113
2366,128944.40454852767
1027,144390.49671952976
1195,148080.3012438279
1303,54713.41015835854
148,204555.38050290814
608,169123.5470827503
2515,196549.42097165238
821,295801.0470829545
2500,269559.5367902421
745,109967.55574452486
741,126227.41757903222
1611,157282.09285824542
2532,139497.80017077993
1081,247779.7144880804
1692,404556.99887533044
2520,177034.05906217452
276,121817.47187760247
1992,129274.09343137819
663,51954.170796741266
418,125079.67985283124
1733,209591.40388276655
2359,148995.99098638684
253,189051.5087120026
1518,190679.6096705834
2035,134937.25770807776
2919,64232.24871575806
1540,243595.92096931482
2120,158756.7107752807
1674,165521.5404178948
256,153057.3188193385
2361,98361.70200527216
978,78921.50238056613
2280,159163.78302999752
2095,207060.51951620643
1709,319744.7136358287
2801,229124.16043905148
1246,121401.00219600461
2373,94805.50874684683
1055,302403.1798418943
2017,132284.29296582215
1099,279839.70684045344
1344,93353.7511269459
835,231084.33292815724
1117,232651.03856038864
2043,89208.99644405564
2085,115134.35528549226
410,154657.80357445343
2650,104246.88145835114
2867,180546.07384440058
1668,108674.13562099791
1161,169360.17871760385
2122,187541.00361543216
2539,142528.39775631725
1047,147147.65947980445
1445,140495.1423565265
541,130029.71452352226
569,215003.94010514038
1276,122842.26506966386
918,175555.22519588962
326,173934.7884661215
1936,131622.22835180038
895,92572.22241484493
257,184453.69730410675
1241,164713.08776285913
1545,116916.78685972001
1189,178688.00248737054
270,151924.36291706812
2066,184255.662025169
693,116243.57179935373
1259,171461.23626565465
2916,166818.04171868568
2321,293988.2096041023
1977,87197.0779460877
1895,133322.40094350826
1240,189320.6743805564
85,137840.97693772314
1823,120919.45239336845
825,278343.5657368623
110,221665.82878158704
697,142550.9556823517
2297,99974.56764548318
1231,140638.33320564387
1355,143482.38086311735
968,323799.2566033717
584,242778.46998965077
1315,123899.14617324673
1606,140967.92528957408
206,122095.7802668062
1685,377896.97753547225
2016,147926.17515934785
869,195599.078902386
2135,120331.78360138985
2346,184287.60474873937
2430,236224.29294624706
2198,110774.88261744444
2652,123164.43388120961
27,115012.63858733058
241,159761.28424483025
906,138960.9252118945
1506,128996.81896107245
2098,347337.3745828036
1435,223811.58407239622
2213,185302.70674616768
1274,137042.15047349606
743,45359.08765531823
1737,200241.95986847577
2797,255890.50373344554
2185,72199.58237893326
58,194377.48311564155
830,206503.81001204197
808,128206.11354175076
680,155578.05050454685
1153,107544.11289312762
1291,151087.98716860602
1818,156197.5096453491
2161,188500.1250172007
1883,122932.504964089
350,324944.8719350754
2473,148723.8970521626
295,180390.89035287424
293,184599.2349657742
859,147261.200874041
288,72455.77000555873
1578,168220.27918898224
102,193639.80629746593
2831,122892.62854257629
1030,154367.95376683128
2551,137640.576704964
1286,179953.9487727487
958,333804.9743444722
776,129836.50498005126
72,241219.2440175567
2263,265166.4473113377
1866,166251.58133578705
2876,66107.88167296816
2146,221759.75984224965
103,180790.3101188052
1500,148531.63921805442
492,185026.146786711
167,138899.36568854004
2597,112347.08582300105
2685,103053.806702658
1035,149358.64270486127
1220,82670.92171752188
2602,156643.91207525172
2159,206108.29933873634
695,160599.1045881539
1109,274083.3047285272
640,188438.39202182938
1652,152223.27403513988
2090,170382.5516219251
1188,194257.94727466418
2345,211942.7174198136
1059,379944.6018032247
2751,222030.82308913593
128,197810.06241017242
1523,202967.67418689094
2925,186904.78179813013
2145,261765.05736119143
1121,217502.10524068918
566,223880.30883838027
565,256381.30557210802
1331,137660.80087395746
2928,122407.43630838473
156,146496.4614688682
797,153877.96512875735
327,91340.10531880177
2859,127484.69461728807
1453,113357.9050160736
1762,330426.45362828055
1868,223263.65089399752
1760,182876.72449606383
1113,228162.12255753909
1812,195880.07409464355
117,159847.46660935244
1142,199480.17331417423
2342,420536.14526497497
927,133422.12152892034
2478,175729.6739237053
655,89712.37738057363
2064,114741.16993014194
369,287861.08336453064
2239,106185.39441860485
2732,222419.6739083326
1653,151522.5842979182
959,233181.71728615044
2395,345506.9242429626
1412,95424.86297730787
271,245698.25250133878
1484,160656.90526922353
1497,136810.1519358565
552,155320.54000612543
2,114033.21899152157
1855,283038.1501735481
4,253812.98223181185
2292,163726.76383521786
134,126153.83691390493
646,119105.03167774109
42,328149.1643288991
532,209288.43560033294
713,85214.41690703346
2561,133139.73972893745
2360,141801.32052506908
1333,110405.76281236485
1407,275774.8419442536
2892,295950.4925325369
574,205108.87870434488
1227,202975.47370877437
2591,218206.84401192938
1476,210882.31416267436
1125,255977.6689655701
1446,131194.01972317492
408,118162.96122584744
1101,304776.88132729905
2251,192020.57012710584
373,187600.0417049667
2554,115284.23215610266
2382,257068.32145086833
1985,109480.8338053934
519,241273.39991842286
1093,193014.73031191318
864,231656.27578758006
2889,151887.63578440153
2308,191959.16253184227
986,161063.20267270424
1302,147543.24459108472
585,161123.0279505887
2708,138570.240860613
147,126767.7846254344
1441,218347.57592044165
383,210631.82702255956
285,140111.8707899825
181,101675.49138925888
358,196733.81315385312
780,185318.0564592946
258,194209.79766381255
1865,205070.6726593849
692,105659.99544533242
2902,317585.98133392236
508,255056.38504426013
2638,142328.85426164948
36,141139.54729141702
611,180815.33481935007
2281,179273.6561223883
1678,126023.69418882194
1696,417750.09155693033
1557,93411.6021520283
2180,150160.7625095043
1726,243741.3180254501
951,154533.49777142418
267,217452.9387974719
2706,139920.4737080674
2221,252382.38887146607
1357,182803.12712990274
2901,301813.02141504164
347,187246.50164899114
2164,195518.2654324768
1586,310060.2832869787
360,154440.45259799957
1769,268461.58923496987
2617,178711.857973705
1879,131797.81745749665
991,209620.3904573485
1535,130002.16469068427
1191,131828.53377656353
1579,231796.8833671448
1882,144233.29280505446
1510,134163.55443074394
2196,160758.0194351799
1845,182761.24961720532
2336,391352.63600938686
942,90983.9946334576
861,120643.11955606926
2555,109749.56216343302
1392,156056.04824961207
2099,247044.0228715709
1543,114471.75258641696
948,264907.37928321626
1239,174562.6974273687
22,202395.3492344739
2796,226963.75170064482
2747,169386.73625058105
92,290803.72337247
210,150985.29084304883
1858,201416.35981765608
2228,170635.72090831003
447,236810.74088125973
827,234096.52063221717
1649,200707.83838081194
682,112384.21434819158
2698,106456.56310650212
494,190809.62224738026
214,105884.84969355975
2441,242282.38465872032
2679,102461.93596700343
1336,140320.04262054377
465,183128.24560687496
1524,152788.82996475423
2543,117514.26858220034
631,129681.90753551442
2452,327230.2211702356
228,176114.8411479357
126,166676.75231145718
1092,253797.6147051276
1122,211127.6168678161
932,203425.2949783495
1980,109105.21612406847
2171,111591.71266461241
551,157440.3935653646
2768,173437.77906409898
2056,108611.68412271973
1159,350854.2871195564
2645,120021.07719523224
1174,185554.8072885959
2266,213196.93392418555
2462,331251.2357225522
1219,145801.61072982335
2922,180480.21140975648
118,149503.18764176962
474,179379.19015612692
2576,143856.6383043312
872,268440.21779341577
1077,235850.38658683383
1536,142645.93072615867
1150,131980.79932030954
2341,321508.0616269505
1931,160990.49481291638
2785,137675.07732727256
2538,122577.74932751429
597,217286.10534591347
464,198133.65380150962
233,219058.93950930977
2169,131966.85195754838
2123,178945.9317479978
1867,169706.59066157104
137,218236.3844954379
515,235895.53488875134
933,108486.74822011577
2784,189492.25304258245
972,181069.17427668485
599,180276.5827105439
2614,124741.95436040667
2582,154149.3178939697
1409,164143.66829204487
175,93239.29407181227
352,246463.05917078236
976,74420.7550128657
2134,189332.74639369483
984,122727.45243375377
2396,361398.22221145744
1673,137559.77112592768
404,117118.52227085002
607,176442.96767414006
814,142890.6426536021
868,184412.74444872476
2271,196612.42985031885
1633,242140.0679837336
337,188703.1005583922
2765,183030.0256460781
1746,238381.67958842686
368,327134.06548735255
2806,200840.7468050296
1662,199345.79801560036
1234,209203.07544719303
1373,124014.5436130749
1672,105007.93133052965
1939,135324.05256674305
