Id,saleprice
2,117799.40701750363
4,254426.28803567734
6,196814.80856802606
7,249220.76430769142
17,202015.87928426324
18,366397.8149638269
22,201989.12495946113
27,112739.06237558225
31,97003.4665303896
36,152455.06739948827
39,370365.78112353606
40,266591.395401132
42,316226.6460398125
46,260060.36841227888
53,177471.5322317837
58,192483.72340064208
61,314424.909586771
72,215775.08525366808
79,117368.08731454721
80,192325.11123407015
82,151792.4802007534
83,90100.54624350464
85,149709.87891593683
88,123491.52878420622
92,296374.32487600483
93,289576.5403986572
95,182995.07098299463
102,184353.9447730808
103,184376.80756091094
106,234412.38543652158
107,181439.18050114822
110,215782.60533142707
114,202226.86694637503
116,185813.04041910887
117,147678.49793626365
118,148513.43637678752
125,173524.39264550255
126,174024.91978868624
127,148457.2515000215
128,203223.5169428187
134,131162.9007495901
135,190248.44377975364
137,240812.36280872783
143,124118.76201733391
147,127372.02359818204
148,188851.07159246923
150,116887.77001389206
156,140914.1929768505
157,120793.79570530786
159,149338.7874237328
161,240879.09245492308
167,125736.51022056167
170,146440.56419159946
171,84937.21329139384
175,92806.53776570721
179,138680.36167200608
181,97980.38917975337
186,194062.39700461828
193,171765.72335508847
194,67249.12709155469
206,115080.27158795328
208,136177.2354043233
210,159047.7753022986
211,114075.7573559145
212,110205.4893457481
214,84032.14630763319
215,155978.15442528648
217,143953.84769935586
222,153106.18400164065
227,156566.81084432127
228,177827.94377542046
233,228788.47170798283
235,160150.12572303604
238,127416.6848265687
241,172717.95216947983
252,188259.60916933705
253,188652.8968518874
256,150767.02149323322
257,161254.5597093404
258,195343.51622930536
259,177130.38492596673
261,133540.74913649308
263,120570.8146259268
266,224694.86828222426
267,218135.625145549
270,152632.5024151049
271,239920.40114121002
276,122479.58085113496
285,160403.55895243108
288,65623.61493044386
289,136766.48552145838
290,126250.10517474463
291,155120.96142835825
292,137614.07411991918
293,197973.72720410005
294,213565.5582553171
295,185248.56076973578
304,141749.87677934725
322,333707.7922189126
326,171265.03646473298
327,84184.51006212691
328,137312.28762206115
331,72396.03377710762
332,77981.5807670973
333,82604.16947780839
335,121974.00521092725
337,205986.8540924352
342,121699.55752732311
343,185803.03416380187
347,187850.97318343408
350,320225.85854796437
352,246698.49847884037
358,183258.92841651046
359,184734.77171053982
360,158950.09554377012
368,338497.88928284426
369,289893.0605736237
373,188448.0510095149
377,212068.7363167869
383,183854.72161157898
386,216669.60598665153
387,222870.18034693482
390,175074.68083966017
391,156617.01614814368
395,154976.81917414494
397,120376.06570545642
398,113581.76519892922
401,107876.7601969106
404,121533.5797879217
408,108639.97450208932
409,128251.3396729203
410,146383.11087030135
418,125625.14287511224
422,405775.5468816999
427,341889.6452000304
431,367321.47646562586
433,434152.7742514247
437,345753.9257607644
438,286677.22295147745
442,344747.89777156815
447,240694.60783828722
459,335027.6998772983
460,298944.79333458276
464,209224.78830119027
465,194121.75435007268
467,182521.5072330567
468,185039.47523582657
474,180916.36137209382
480,205081.84642460797
481,207341.02069888203
483,245423.5749327681
488,182143.93656323958
492,190891.21866435625
494,193831.4155973347
499,330750.0267732344
500,287524.87210018595
501,312845.4385166284
503,270970.1752441246
506,260976.76865934278
508,236744.24330569286
511,258385.05489748326
515,232930.87669557158
519,227558.9360299178
521,254502.88310275177
530,216031.50028179062
532,203593.8977264964
534,172129.8355719247
540,174911.04377283115
541,128283.81900857732
551,147880.15405502857
552,183177.28392358267
554,102147.95317544787
555,130488.71898980322
556,117340.64688726972
557,130778.12959603498
565,257484.66193714016
566,243841.14371977816
567,175062.83700689176
569,213980.47389381364
570,197321.98820128833
574,213440.81093920083
575,284652.90372256434
576,209699.5799265322
577,180538.5265143009
578,224800.89412079798
583,224938.2708668921
584,225271.01763804947
585,157516.99921041587
587,190225.74566691343
593,211731.15088084652
597,200082.37455318432
598,183296.68230273476
599,157451.73726989602
600,121817.75536573661
605,168986.66541891437
607,160940.67481849086
608,162497.34523764453
611,181532.75586785877
616,121445.59733870366
625,172248.1984119112
629,184464.5287277309
630,158767.70739153147
631,123110.6670422729
640,193289.41562103486
642,169359.0912794729
643,137061.59592672042
646,138342.24975670868
647,168751.00900093344
655,82777.71530988636
659,120338.20394199276
663,51262.64236612708
665,80686.08410480346
667,214424.8109863526
673,148605.07401478948
676,127368.1227051384
680,153261.5683327783
682,120864.51298682051
687,141602.59518991451
688,149362.23542129804
692,104493.43719246644
693,115357.6076310323
695,153157.12497775414
697,132582.19811903714
700,131050.84677836724
702,135045.52682565458
703,154509.69256855384
704,87964.19595782695
712,88641.99482802437
713,104829.50769288398
717,206970.28558036106
720,180770.93732013725
721,69685.15665282946
726,155727.95946219625
733,125150.306149872
736,121617.52598831958
738,106006.66126030404
741,119354.95554150204
743,65539.18048381174
745,105032.82260252986
750,154745.70074776057
756,83903.35933126592
757,128637.55189514386
758,148591.97878978366
760,71752.93829941736
765,148166.0632327178
775,131193.08356383152
776,133934.8850558636
780,172074.69555872193
783,237020.72550937458
790,120335.35891577725
795,74793.55896419862
796,130972.16487699495
797,161504.60345411973
798,110658.90994159806
804,203035.78592088114
805,221290.59835618467
806,226434.51721954803
808,141134.28494097816
814,167812.81823279778
818,313766.33705595415
821,294689.7080465555
822,329495.6471545744
825,285269.50157162605
827,233832.2393067037
830,205151.5402497551
834,247610.0464679955
835,206205.84343010964
842,136565.40251619735
845,204993.18118887002
852,206656.36067634443
857,136501.96127470682
858,120669.27950890095
859,140772.81742310434
860,128737.42889326507
861,114905.99070009316
864,236528.34957886164
868,187398.84874405139
869,199208.47719261708
872,274985.4390269137
873,214989.77584257163
885,122726.2755493928
890,112125.06435016468
895,99463.91361345588
899,101173.39934126507
906,132372.92622778792
918,157705.69887811985
923,148879.50690341686
925,138179.20849502567
927,135352.50182696764
932,207832.48005234177
933,120381.7884809645
934,144544.90316600027
942,77831.46734280456
947,228073.32481572242
948,251713.66318787134
951,152859.00038716677
957,421794.6761471316
958,335852.13743595785
959,237940.62303470052
963,180908.08869020324
967,202920.1439488361
968,323513.54116500914
971,173975.67111844546
972,182399.45379579396
976,89990.56159693253
978,78511.55506353974
979,99743.92328011034
984,113899.37048754703
986,162222.05546944286
991,207627.10776012827
996,224098.2781793098
1001,276834.1886642608
1007,198754.7531898946
1008,179247.19751509582
1009,270204.2862146861
1014,187276.60319783902
1022,204216.9182474603
1024,181534.01882219833
1027,130336.5743731476
1030,159259.1110233611
1032,149949.30754617037
1035,142553.4078272165
1042,115349.06734554125
1047,127521.27966403012
1050,99468.16127756554
1055,303529.36215233174
1059,374729.1509273959
1061,338793.727880822
1064,431561.47383911844
1077,239216.8130597336
1081,235949.14408185994
1092,256992.85107329988
1093,194975.49542216555
1095,219807.79615439137
1099,297279.6179612368
1101,310082.2749719726
1103,305862.3874599933
1109,282672.0532642186
1112,221199.5060658487
1113,231728.11771235027
1114,241624.3443614423
1116,234971.9959751753
1117,223393.52121814506
1119,279325.25928145007
1121,213846.09145475272
1122,206422.34473092557
1125,256057.05164007773
1137,168763.32042249758
1142,200844.5826008434
1144,191682.23978823362
1145,189146.89535940764
1147,178491.86168958983
1148,187855.62253312764
1149,161267.25537062105
1150,134882.6122093962
1153,110376.78414344792
1154,97606.4386890545
1159,349684.10987218015
1161,167181.00384396588
1167,172671.03413794516
1171,257943.31944190187
1174,193768.80752149248
1188,174601.35473098932
1189,174159.4441766625
1191,146561.46264577092
1195,147497.4763603123
1199,156560.9810828468
1201,200174.42497801967
1204,196079.17147012224
1211,146482.02728774576
1214,175736.94930763348
1219,141302.69749989972
1220,67520.03308971747
1227,182046.85732808968
1229,232770.7307757496
1231,135958.83395465525
1234,209986.3025236469
1235,121663.83534398091
1239,154234.54376970697
1240,164114.8109431541
1241,175534.83189982022
1246,115411.74028858816
1249,177408.0140990692
1250,123610.03734315324
1252,156373.431670716
1259,163693.38343935087
1267,131337.1095505421
1269,120090.81100593605
1270,134142.96991712417
1272,104976.34495172337
1274,142797.0602995098
1276,135679.09071031224
1279,145667.86088867483
1281,175386.9883971662
1286,154797.6026522895
1287,127737.45410245306
1290,73056.25278639674
1291,142043.1759357137
1297,163370.8610019499
1302,143732.41937608272
1303,37112.881439716904
1312,97803.1597787525
1315,112398.14984501847
1322,63309.53219601049
1327,92135.76494243926
1331,123112.45925002388
1333,107311.5230458481
1334,129672.4332572671
1336,139909.6221427865
1341,139522.15817828267
1344,83856.43127695151
1347,126476.90425116199
1348,189674.12164005454
1353,161777.49090170622
1355,126941.80813994577
1356,142383.2719860788
1357,174599.94715574008
1361,115730.1480906972
1364,125197.77547149011
1368,107241.54883482454
1369,92045.96753746623
1371,132719.12427461066
1373,133898.097195391
1374,136973.21662690403
1387,134313.65528638108
1388,97473.22004202446
1392,146671.51402571046
1394,131362.69439193502
1406,172372.7104939821
1407,248448.55543433485
1408,213106.78236122103
1409,159934.5739497978
1411,155202.53701173788
1412,106821.0703181703
1413,138573.61661110702
1414,124616.10767004525
1425,240373.39829190675
1430,195382.88526669753
1431,234224.96681328068
1435,227716.9449118483
1441,221045.139720671
1444,223229.58524022973
1445,122967.74627104923
1446,125413.01943206534
1452,112352.92533745391
1453,109049.91100276014
1456,233529.4705133763
1457,216781.2235727275
1460,235655.62000256818
1463,237353.3587267585
1468,219969.9098971947
1471,220966.64762440178
1474,206326.23297505738
1475,196385.8956442576
1476,209482.77390282633
1478,207616.11057125908
1482,162249.62978735432
1483,177059.50214688838
1484,163016.054120277
1485,178866.56373980478
1496,164703.1993193221
1497,148696.8111792917
1500,159142.3458318484
1506,132547.00631934794
1507,121469.24357854595
1509,124729.48125939269
1510,129240.17136002981
1513,104537.4765500466
1517,128402.753177376
1518,178443.08333538673
1523,211718.00463163393
1524,125865.61002577588
1526,144322.1620174706
1529,185653.10910803804
1531,171082.8261944994
1535,125997.77515404968
1536,135019.3224106011
1538,315718.2198193593
1540,245301.2952106524
1543,117129.57745683314
1545,106916.55719059982
1546,124983.40394281509
1557,87943.28960280612
1558,118136.04052940583
1559,102437.66908575864
1563,277263.98030323547
1568,168100.66257635065
1571,379347.7680279028
1578,157580.45270104075
1579,236126.37398283673
1584,250604.6899285869
1586,305205.803106891
1604,122613.50411849769
1606,143877.59464979955
1610,179515.88922741704
1611,171225.40885301918
1618,169842.2361696496
1623,195381.6324259592
1624,176229.09374366133
1628,192501.74514269063
1633,257364.18830316444
1645,162329.11527850278
1649,211051.02053826186
1652,152985.54863613372
1653,146967.18133600664
1656,154597.36170224688
1662,182418.61285532865
1668,103330.72426616728
1670,92042.81312479207
1672,103996.29804872435
1673,149531.8763492537
1674,178078.94131723986
1677,112008.36679700903
1678,132755.76877981014
1679,115463.24257282038
1685,374672.47478442703
1692,395441.4645607285
1693,328575.83945384395
1696,416343.0886500713
1709,318934.04469562497
1711,300380.3553689908
1717,236552.0720371166
1718,226984.4899285058
1721,254249.00486888498
1722,249147.36393549843
1725,318215.30140894593
1726,248438.51141374913
1730,192659.93679576757
1731,191732.91223557357
1733,210730.43718545343
1737,200901.02037098844
1746,240164.1124189544
1747,214055.52630489925
1748,208595.34969532408
1749,214568.46085573742
1760,185017.57936233003
1761,452062.68586465425
1762,338093.97122288495
1768,479710.85661922244
1769,263334.45234170323
1770,300114.5430575202
1776,194645.80368839815
1781,348893.4978582971
1785,293407.479645805
1792,210100.8083087058
1798,244530.02259608748
1812,186575.92150607164
1814,242647.54673520086
1817,136109.8950059157
1818,180361.43098270177
1822,129707.64484446484
1823,143427.3662878404
1829,253834.43884643726
1838,210262.569942471
1845,173969.36987202993
1851,177007.31968236784
1855,257225.2817599503
1856,190349.83372125716
1858,217044.93403442166
1865,207481.91399086552
1866,151392.17283381335
1867,155612.3942361002
1868,195369.77547521974
1876,134159.8824648533
1878,148091.89572386994
1879,142525.4066404002
1882,140620.30219649654
1883,119707.85439995458
1887,100490.6481558013
1895,139884.52690017121
1898,148761.38091695908
1904,59026.79941297391
1908,157642.7707432654
1917,139015.47411871247
1918,134630.64834266106
1920,129145.59370680136
1922,121686.13651756904
1923,161404.48709582255
1931,146514.30534958607
1935,132622.02379251967
1936,122755.6048652374
1939,130688.39265896716
1943,130490.3265307619
1944,120327.08342115214
1946,234933.63888470884
1952,102389.56433561671
1954,103652.43652278942
1958,122216.64295537847
1964,143652.36980024492
1966,136669.29817790588
1969,107899.80484096523
1977,106401.52827997138
1980,101653.53000098006
1984,120003.02904262504
1985,87020.96472145276
1988,99347.81172759405
1989,111965.1933711334
1991,130938.24466668346
1992,126403.24098406124
1997,131158.64850382495
1999,204321.14509476264
2003,110245.90826572326
2005,131887.2501016459
2010,135009.43486350347
2012,132285.01702285855
2016,139600.38876413857
2017,122028.91231239744
2022,161672.33075302292
2023,150413.64882758714
2035,124245.66244967055
2036,190965.81384796576
2040,110680.40073190661
2042,157771.29946285754
2043,78294.2119467803
2055,145990.50632002013
2056,102390.2362209185
2059,105063.17768633178
2064,117697.53457257347
2066,203360.81356010173
2070,158713.861069053
2071,105889.11457099344
2078,226749.1836051214
2080,152870.7989987869
2085,124169.96275783418
2089,153565.41751450172
2090,187003.78828005647
2092,229212.90750169993
2094,247651.7811099862
2095,207192.67890882664
2098,345049.212803066
2099,252875.9053035793
2103,255358.8705461953
2120,140998.45354153062
2122,174425.91617931597
2123,179067.71921302026
2134,191882.48325427918
2135,114502.42815404011
2136,139617.1359312728
2143,168140.48228945318
2145,252898.7529625362
2146,229218.30892425354
2148,195502.97242731837
2155,275292.2568876525
2156,243554.3086723486
2157,153382.31049434407
2159,204072.70093644073
2161,194985.47733587582
2164,196982.92921228052
2165,188959.24246662296
2169,146683.2925436833
2171,119234.10973122591
2180,159550.66769075004
2182,485510.7649131045
2184,144683.32513297923
2185,94163.01513492773
2188,84189.4470456862
2191,117707.57278530089
2192,90021.51362696727
2196,180264.84179597418
2198,95039.50447055517
2204,170366.00166406465
2210,160972.46540817647
2213,157619.45866848712
2215,260873.62818384034
2219,237203.50401937126
2221,227267.8306495484
2224,203059.04661944628
2228,179257.6011690587
2232,117787.83496276039
2239,107416.35528965761
2246,283397.31713419
2247,278346.1454465407
2249,157749.94620879876
2251,187904.07321210878
2254,139719.36049631628
2256,219352.50045804813
2259,227197.45608359895
2263,271315.1968058082
2266,209775.74521377895
2271,193643.25794870683
2274,233572.98838691623
2275,308557.09376162454
2280,156727.34258803856
2281,176699.01602219883
2291,89955.77647364524
2292,167017.8560372669
2295,213113.68104630132
2297,93637.58162954931
2299,125816.93926204318
2302,125418.41855598328
2303,112076.92534401827
2304,106404.49170665698
2308,191343.42851550394
2312,213077.28846192418
2314,176803.7858920553
2315,178902.7005336468
2316,213559.67307068015
2320,247320.09602646274
2321,282788.3406257174
2322,256908.14392694068
2325,171653.772384408
2336,402005.1459196741
2340,341466.7265455929
2341,324057.29256157216
2342,420605.6028213417
2345,224949.52363620594
2346,190573.08779427668
2347,159400.12963168236
2354,244030.103840457
2357,179488.4120587894
2359,147287.20957054745
2360,135545.44051625367
2361,94825.04157997009
2362,83815.35257832364
2366,134477.12341327747
2367,103277.87858411587
2370,115334.57197009877
2373,112766.32878890318
2376,128091.29640517286
2378,149406.81987658632
2382,264078.7335703671
2387,318899.4234142832
2392,377642.67704110907
2395,337187.5759625753
2396,364191.198076297
2397,309547.0919302251
2399,361293.69657398766
2401,398627.03304710146
2402,288605.2600479579
2407,239075.5457314793
2411,194085.14157928486
2414,231089.45550142453
2418,260948.92373498215
2419,196324.15165512625
2424,186383.84452486003
2427,202073.23725631824
2430,239783.93408601134
2439,210191.86721147207
2441,246284.9180792346
2442,219004.14215984335
2446,453704.1754067694
2447,375506.1732942017
2452,330082.9262365556
2457,318963.3886084734
2458,281305.07279681356
2462,336787.0772110818
2465,197284.75257511463
2467,197958.3578610005
2473,151172.54879823618
2478,179875.34405675606
2479,170842.42311597028
2482,159826.52645660186
2485,126270.55676608565
2488,161943.09486332446
2494,116180.32183447215
2500,277034.5552955449
2509,159167.9447643554
2512,190192.43006313173
2514,164523.0410348331
2515,186145.90315753093
2516,207404.92641590477
2518,163718.4299612514
2519,222747.17505108553
2520,190346.29746227656
2527,172928.54912325076
2532,135170.2536720431
2538,121216.13661815037
2539,138727.05680286168
2543,120090.38022108558
2551,132841.5497541299
2554,119608.17703865524
2555,102960.74739002516
2557,102020.40531964823
2561,130180.76079000486
2563,173579.75038909866
2564,139303.30695061426
2570,104669.88892989085
2571,271431.68477249966
2576,141324.66608317973
2582,159312.87902587833
2584,155678.3207676364
2587,113230.8938600908
2589,123758.8934505282
2591,234563.60349482123
2597,106598.98903598647
2602,149773.2916603254
2605,160470.70750564817
2610,173021.99566840066
2611,138559.61015117395
2614,126349.59837770998
2616,196432.31849091928
2617,179590.7740455634
2620,136262.57412077533
2623,91922.53997650108
2631,151143.44867984546
2638,130606.92966880469
2639,127027.58748539403
2645,139443.9301982929
2647,66854.49813732458
2648,136166.39194000745
2650,111266.89684629107
2652,120888.24622721429
2656,116501.09263045495
2658,161905.4423591474
2661,183070.60377656162
2665,153881.100931203
2673,157201.90884437415
2678,99818.0198899581
2679,83033.56130990844
2680,55725.368540519004
2685,97019.97939907813
2695,120573.34959958833
2698,91625.21519327741
2700,161791.13273158637
2706,138302.1688670583
2708,143901.7920056694
2709,153162.0955631869
2711,125124.95437638892
2718,157886.47508413056
2719,162336.46147580305
2721,179157.63117497496
2725,170023.15319236292
2726,201594.70303744936
2732,208451.86001882478
2733,134530.55382985418
2739,192381.99738294593
2747,173839.47842260305
2751,215245.28732761263
2754,207836.77076073023
2755,228641.11105742675
2756,208329.2036382158
2758,236216.27966150374
2763,200223.42786954367
2764,233342.5210810278
2765,176763.76381473514
2766,197201.8930575353
2768,169272.859874324
2781,218628.62241194333
2784,176243.0486177293
2785,132855.31854514818
2786,120491.67799177872
2796,227493.73235946213
2797,262967.10411223635
2801,228641.40026550385
2805,251096.29250495555
2806,200319.8725758068
2812,194056.2014269746
2817,132245.81280368025
2822,142498.77132976864
2825,232246.51607116894
2828,170255.4864590159
2831,163022.24648878805
2843,127848.4644949944
2845,86454.49599360104
2847,168189.72301708427
2855,170554.82483855038
2856,155810.60588346692
2859,139455.6355579001
2865,174223.07711236205
2867,177440.35128819084
2869,184118.77153828504
2870,199012.77549641652
2874,136872.07285774237
2876,75325.66012922589
2889,154743.9241781796
2892,296656.15748353896
2895,222602.90540733334
2898,208958.98417459018
2901,298708.18651003647
2902,319811.95169670525
2908,126971.40930790057
2909,108776.13835002975
2916,160168.01895990415
2917,106149.62830181661
2919,71914.31873412147
2921,76318.65336874298
2922,192500.14459706686
2925,175099.77499197866
2928,111776.55856918191
