Id,saleprice
2,87673.1403092133
4,228334.77791614993
6,165445.6956175794
7,206845.51945899567
17,168472.98484261506
18,324673.46367516264
22,168117.65199551443
27,78621.60015073813
31,62671.021628907765
36,114836.02575151916
39,347088.6681877667
40,234290.5979493227
42,307911.35676399
46,209417.16348906947
53,135800.3776552383
58,154738.8598777355
61,297732.55466871633
72,215610.40265530493
79,70613.19519803807
80,165321.35956269593
82,143752.50922725882
83,67057.00461141493
85,113100.40018875881
88,82209.25457691745
92,268551.2326490879
93,254235.12577531108
95,137775.3018099313
102,155990.60885090305
103,141278.6448835762
106,210921.75390474006
107,134883.15246455136
110,199909.10860417824
114,153953.8216291146
116,157244.7885195653
117,127916.42352402696
118,118220.19750276429
125,146335.56884599302
126,144859.6444408907
127,121128.59842712698
128,169673.01680557945
134,100221.88724790237
135,154320.54451624112
137,221342.98155992787
143,106300.19285908104
147,98606.64336398206
148,170282.4398345175
150,73971.76213400067
156,113174.19916287813
157,103621.69304665014
159,94735.06231085552
161,218469.07493395495
167,116343.66395459013
170,111732.95498743348
171,55502.531574209774
175,71507.30645727548
179,97968.77664285414
181,69283.8161644382
186,167147.5959846467
193,146859.44258581917
194,68663.95918205573
206,86265.83864825919
208,95062.0067814403
210,122258.05063005307
211,78792.09102130932
212,83018.66408529645
214,62435.653531141405
215,99002.02362912605
217,103622.44586259252
222,130622.93137740006
227,124008.87132629103
228,141017.70728609286
233,225584.0303426524
235,85006.15163579451
238,97463.30841246492
241,133962.88804744402
252,150735.9026604562
253,161423.82156566333
256,119066.56702923443
257,155987.19955821396
258,163045.01064822325
259,151258.0891570074
261,108864.64575675433
263,103751.22952234295
266,200906.58751019242
267,184095.0610267774
270,105180.20488567141
271,223693.51124932757
276,100006.7070728746
285,131868.68381897666
288,19915.035717796156
289,131110.0089795524
290,117216.85398897696
291,141651.55531432855
292,94721.64444970373
293,158951.9688077049
294,192262.43613776655
295,162521.4434718791
304,104003.41375668043
322,282448.3695755521
326,142836.82181699493
327,47680.145560215926
328,109175.78873939265
331,53225.01708427713
332,41011.53864577797
333,51872.97657879621
335,100219.24019859676
337,145871.8757226422
342,88036.38591619443
343,153860.7599244543
347,149595.04313371814
350,284743.43684442225
352,223853.2980522913
358,174316.76120538873
359,149050.77469029825
360,127307.0107575629
368,301069.77132879186
369,264039.7658474819
373,156418.37950117307
377,196075.57704620884
383,182732.12814842787
386,184436.3733391051
387,202557.58003067115
390,137824.5437620298
391,126538.57503026362
395,129535.65258011979
397,105208.86140412171
398,94810.7660047571
401,71470.16244411879
404,85509.00423360604
408,94119.57126057468
409,86898.40442902446
410,115812.03822358287
418,88529.33521372867
422,399851.2833685479
427,311026.6147963458
431,345652.07690858823
433,437017.59612750553
437,330523.0282536177
438,259001.56558126246
442,315310.01115815144
447,213054.4481204026
459,286291.6079059397
460,246676.68155903136
464,162030.85482002786
465,146630.5403975562
467,148711.18075595668
468,159025.67588748795
474,135816.07793977344
480,162564.42843826456
481,172264.6743765082
483,187505.2011873121
488,138828.49395072155
492,147693.505003765
494,149787.73626323766
499,293357.1853361623
500,249814.40044385774
501,308565.1781783695
503,236913.850769775
506,226335.83782520247
508,222152.4247677724
511,239814.44053087867
515,212140.23934608427
519,215584.3755255605
521,225991.24839184812
530,198230.59329324725
532,184301.71531516282
534,143541.02530983547
540,120943.01708502794
541,87221.26654025818
551,136262.2618613763
552,128645.90021087832
554,84268.21680671294
555,101648.09925415614
556,99389.96697274855
557,95083.20413375735
565,230104.4297126073
566,195910.42787724605
567,134049.90767727824
569,170355.79305110825
570,155986.33908287
574,174502.01624234172
575,273467.6578106681
576,157942.43396032538
577,160538.28443557222
578,177494.53605914806
583,196864.23182617268
584,198571.53639746038
585,125323.52348082041
587,150322.60062738694
593,180548.9130479449
597,176267.33779584797
598,148508.95767972435
599,154512.62836140988
600,101962.03080720778
605,118201.47978627417
607,143214.90946615156
608,130269.67680258711
611,140823.36674366397
616,73243.55472077373
625,155337.9677930379
629,104282.96312458217
630,97191.75260093999
631,105817.41834589996
640,142108.04460624792
642,119223.0737830239
643,119328.447091117
646,89895.3738106623
647,137758.8382255127
655,60554.79742989426
659,98319.79598696266
663,8173.035382205009
665,69902.06272211144
667,165510.4124868243
673,120582.90472894182
676,100929.46280613808
680,108433.56517544774
682,102960.82556640389
687,100688.17946323271
688,116782.06606832962
692,66586.75128821169
693,82147.47500986345
695,114523.16923080228
697,105599.9883901654
700,84756.69059689397
702,86369.08976011771
703,113314.81778659957
704,73530.41462514618
712,50920.57869780257
713,50010.03388579503
717,113645.39267321379
720,135964.0328637356
721,20237.106255381164
726,127125.41004841
733,87090.26890845012
736,100563.11125390431
738,58352.057684442945
741,97183.74984168935
743,12409.763981213851
745,80863.72853521549
750,130338.15133127137
756,68921.10385687582
757,85625.91648499669
758,122972.19174649655
760,68580.46484065939
765,105601.1211327699
775,108166.95510017386
776,101421.29913129155
780,129194.55724462855
783,205750.41409777396
790,85787.65934239031
795,42320.334360763576
796,72944.09360061891
797,108742.63860652824
798,64594.55323591667
804,172524.77024938317
805,190518.7789516979
806,192157.63927924214
808,79714.0042297102
814,122773.8667440756
818,268500.15900667186
821,262128.24317691187
822,298413.39409376984
825,248633.9537948177
827,205477.78198653663
830,180054.0511437619
834,215852.84646166628
835,195624.3622878382
842,115583.38497211853
845,176833.39665340545
852,187181.22412217667
857,121864.17630494884
858,124361.17979630666
859,118331.08483387734
860,100419.73792580148
861,99533.75753115161
864,202779.5501979039
868,152682.83792569526
869,162394.259736559
872,239795.70311022477
873,198707.72838861213
885,83455.48430999681
890,77593.42332902472
895,62337.24476311606
899,30766.520114992803
906,109445.95605248438
918,158343.10161880433
923,132691.4566443431
925,119718.0120199988
927,133190.95679426956
932,202543.77938054057
933,71714.47097420093
934,102598.94990006289
942,60247.077046690756
947,203784.7484481039
948,225999.82041946458
951,122831.01758233435
957,311073.63246782066
958,295630.08634033776
959,191554.97658986162
963,153164.89099618042
967,173707.66930525418
968,298262.1129587386
971,119808.26334694575
972,129805.60661976488
976,57613.405158849884
978,42593.3300945255
979,61376.69299341859
984,89018.26215017971
986,123799.37220461029
991,197844.8258066613
996,193386.6348384794
1001,239728.029494523
1007,163751.8953797022
1008,127514.04120194002
1009,199862.03258671943
1014,105130.9784354035
1022,169611.62335048488
1024,141153.8279793478
1027,105835.65468388963
1030,123265.72381952369
1032,117951.43635896333
1035,124116.27626309032
1042,72170.52081308553
1047,105629.51408704078
1050,70977.58842589373
1055,275997.69085839484
1059,353849.04832767905
1061,325330.78301734244
1064,422697.0252658753
1077,194970.62194096265
1081,202992.22848155219
1092,212135.3533021209
1093,160745.0584943805
1095,174203.63864336384
1099,261851.90767636287
1101,270610.08200914506
1103,269113.14596406004
1109,245054.20788202956
1112,196606.18280087912
1113,197041.90030372035
1114,208263.4089450135
1116,214806.34429915817
1117,197515.65051838185
1119,254277.57974468564
1121,195531.8468441959
1122,185498.47196707237
1125,231070.84818573314
1137,121552.98554631125
1142,177455.08558260923
1144,166223.1981368019
1145,155307.2831559091
1147,143238.7342025062
1148,150821.14278202894
1149,116009.25163739426
1150,90303.92772833075
1153,53047.82735212268
1154,68499.1837204954
1159,307790.5693806789
1161,125114.56390267392
1167,141126.80849477748
1171,217667.72581607554
1174,143042.43765729433
1188,157906.0770819318
1189,140999.10143945942
1191,103090.5423740729
1195,116664.03748939752
1199,128186.7524886721
1201,193227.9718048812
1204,159010.9413511273
1211,115826.9358374083
1214,221888.43280530686
1219,110168.82138091234
1220,57712.476887251076
1227,153189.32714874396
1229,217073.10624902844
1231,111634.80017366713
1234,177177.01060411162
1235,100782.837449522
1239,144889.73376991856
1240,159655.44033867988
1241,132312.50602104337
1246,92746.57496729612
1249,145913.9399942944
1250,95443.03429545758
1252,107062.6515055136
1259,127833.86788371207
1267,102845.10190784997
1269,96441.96685471949
1270,105074.02390030191
1272,90757.8025220394
1274,104054.28211034495
1276,98807.72847537935
1279,119211.85430998163
1281,143445.50523757492
1286,151538.8622712972
1287,89695.46294091539
1290,45311.1650419558
1291,122572.98297677348
1297,141565.180890698
1302,118996.12136366576
1303,27481.1708899136
1312,64965.18795336716
1315,104437.99672121457
1322,33114.361247534194
1327,72121.63871475446
1331,99843.50029702311
1333,75557.48835038343
1334,104528.26887704936
1336,104584.8400582293
1341,105403.87064651333
1344,67759.85126904864
1347,98463.33929998406
1348,136672.49419172312
1353,138805.19207740648
1355,103082.69200001365
1356,77676.11171935612
1357,166704.435365625
1361,98301.78702711257
1364,97004.66901951794
1368,68753.03802437981
1369,74085.14281750876
1371,103531.70216496075
1373,90912.53659498497
1374,92679.76709296998
1387,84687.3132040091
1388,68727.53920686194
1392,131244.45688446917
1394,85109.90688988747
1406,146091.97829911954
1407,209942.56523594944
1408,159244.50010746822
1409,132391.56856974974
1411,165405.3809642401
1412,83751.06660582611
1413,104983.23920932192
1414,97756.91505825536
1425,205473.42286456618
1430,175841.64202262933
1431,197192.75021854448
1435,197829.4779770209
1441,185225.16413277292
1444,185551.22466664284
1445,109057.57298800742
1446,107433.8294451222
1452,94652.46022974263
1453,77542.72899760157
1456,196496.63266029174
1457,181816.14644557593
1460,214610.8731543397
1463,204730.45461021306
1468,189459.5612296164
1471,207946.20624406222
1474,177288.46973687204
1475,168669.23634454666
1476,180347.17324287025
1478,172848.2850989007
1482,113186.37996813896
1483,127863.26124202476
1484,114312.34392550551
1485,135404.79391876
1496,131930.27730241604
1497,117067.34312812476
1500,94129.2733310051
1506,99722.96542350331
1507,83586.27011857991
1509,84782.81170962143
1510,108109.11480656316
1513,75446.63940714032
1517,109859.5933248661
1518,157704.89528789406
1523,165164.85886701386
1524,117398.29815000625
1526,131687.89840654697
1529,153127.8399934481
1531,125544.53721932616
1535,98004.86202849032
1536,134210.06006529706
1538,293840.28079467814
1540,215694.60844591103
1543,83047.44137099218
1545,93614.2314260553
1546,96499.14936512224
1557,78872.64328652379
1558,65117.44088770216
1559,32329.092956140725
1563,258669.2736124993
1568,136030.2601559793
1571,249935.16783967536
1578,128123.43897746404
1579,195423.17764268897
1584,223450.00644745983
1586,281303.26050349337
1604,99538.6304865067
1606,123372.31494269607
1610,142195.2272690176
1611,101930.4636562843
1618,146197.6951723256
1623,162524.84740693652
1624,141444.55699384853
1628,136010.67255500105
1633,193196.6855879007
1645,129732.97200867264
1649,238707.18481111035
1652,110690.34085446422
1653,122878.44684256184
1656,62968.263550076634
1662,162141.7118546411
1668,73689.57502068704
1670,66313.51895964939
1672,81810.48581544474
1673,100162.98037913814
1674,125320.10130357313
1677,74670.6194385436
1678,92353.91351356501
1679,83883.88479674532
1685,348514.2553288494
1692,377119.9436463768
1693,304137.92207885685
1696,391820.21476470673
1709,297227.1103399307
1711,278554.96190878004
1717,187429.45037249013
1718,179541.45655965278
1721,197553.28543251977
1722,198320.72630309706
1725,264960.3651931665
1726,202162.0726984747
1730,145884.87699924735
1731,145121.40729995928
1733,177349.73009217196
1737,172124.77665338066
1746,202505.842279372
1747,172141.95375698176
1748,165610.40302224766
1749,183192.96787320307
1760,150660.96661844171
1761,404268.7665034817
1762,300907.4225784272
1768,535350.9961984908
1769,240204.13232517178
1770,264997.66507967125
1776,162954.72512131272
1781,325624.90662476746
1785,304857.2952619634
1792,186574.58972818297
1798,220899.40777695613
1812,163135.0974609965
1814,203603.68445515045
1817,109605.04881702621
1818,134583.06614865098
1822,97404.0557909434
1823,89637.08249824606
1829,236378.2815874045
1838,162244.21522921344
1845,144653.10405660525
1851,162610.29820209087
1855,269855.7905427278
1856,148352.4738679898
1858,155506.41318283233
1865,196155.71172434435
1866,141878.6598245097
1867,138846.83580084372
1868,183176.78941565033
1876,107474.11488137626
1878,103471.2278773537
1879,88900.61243300453
1882,117156.7701548397
1883,88127.18747111315
1887,75021.0267895777
1895,101810.83959611753
1898,122179.38243068551
1904,28814.135994149197
1908,106127.62377655324
1917,107200.15333896261
1918,90705.65118235331
1920,99139.80711345532
1922,91370.52512050554
1923,118350.3662733245
1931,134658.18322412885
1935,100566.88473568679
1936,107594.2500962901
1939,104084.41929337969
1943,95447.81255092431
1944,94558.81825302658
1946,191464.43223399358
1952,81944.1309385819
1954,73316.1687162604
1958,87265.11433139292
1964,125569.50608211893
1966,115486.91135292817
1969,83819.8435211269
1977,67395.28373048626
1980,26669.679958171182
1984,66566.19250676049
1985,62549.73475915134
1988,88940.70523768003
1989,85617.54029090039
1991,99893.69345781984
1992,97596.35687712225
1997,107647.07742953081
1999,177289.97707832648
2003,74449.50850492495
2005,71695.91358276528
2010,114668.505363567
2012,106116.01257295356
2016,113533.02124194663
2017,96567.3722013412
2022,135502.92395416618
2023,129557.71411760275
2035,88228.92714060209
2036,181453.94369847598
2040,97328.50659071218
2042,90061.74232354236
2043,53835.54319808248
2055,109310.87859944353
2056,70580.95454809029
2059,71231.61313111531
2064,91097.0228492802
2066,144433.22147420904
2070,122129.65635905266
2071,83262.0300159334
2078,213251.09396406353
2080,109207.07918151119
2085,87243.36851515119
2089,114059.58274452503
2090,122282.20616634938
2092,188139.24537420511
2094,216803.89705402352
2095,186595.02542141025
2098,316125.08115090895
2099,218296.0898209363
2103,218065.20163521348
2120,121171.0209770701
2122,153337.86956559672
2123,151351.1178412349
2134,156588.16137418273
2135,76933.15265213867
2136,110477.60187847016
2143,161891.78598964223
2145,232895.07560188585
2146,190467.98511680608
2148,162753.80034518597
2155,238615.13819866284
2156,209618.72481907363
2157,106411.66826502308
2159,175189.12217695688
2161,156003.54215454642
2164,165603.5109126062
2165,157274.05075713753
2169,97020.87353345923
2171,77378.59493186405
2180,129432.39715956038
2182,411587.1790756992
2184,99690.95472369045
2185,40691.60995731657
2188,63643.954288554596
2191,78127.49705794895
2192,60398.89072068983
2196,134749.9962692195
2198,80610.75162100769
2204,144572.3474874533
2210,154997.98143619832
2213,153497.25983766624
2215,268162.18716670084
2219,229105.89305005848
2221,237589.41644291295
2224,181822.57763931635
2228,122459.17679907312
2232,101294.23805995697
2239,86238.94553885589
2246,260603.71163625788
2247,250301.05937082693
2249,150064.92361708407
2251,164880.10977249785
2254,120941.87116193367
2256,179131.78614935317
2259,218445.11299927835
2263,229684.64813780022
2266,174834.20981135854
2271,171924.09217968886
2274,221506.72348416125
2275,271085.26889664406
2280,102029.99147632738
2281,145850.1034722468
2291,33080.73127148155
2292,123162.07237437135
2295,164494.9286129714
2297,80554.24471387766
2299,86781.6030345347
2302,104860.48546058955
2303,90282.8181105046
2304,101169.56807854674
2308,157855.26741453703
2312,175219.15170420543
2314,145328.00650216607
2315,144746.84601719034
2316,169390.06853599698
2320,196806.3358286755
2321,253990.73178448333
2322,205462.80186214484
2325,136890.57820288104
2336,361480.74949647696
2340,281759.6414338894
2341,307402.2164876545
2342,388546.8487336628
2345,201070.54881888098
2346,149738.4287618614
2347,113018.39926998335
2354,213199.6923167169
2357,170986.0044760984
2359,122639.6684553108
2360,102370.75089285368
2361,81356.6186361914
2362,58791.354524947135
2366,92602.11502914142
2367,63722.79641181846
2370,79673.779202546
2373,65614.87184436111
2376,95011.1398716425
2378,110775.69230159635
2382,233106.70042934435
2387,289925.92378354404
2392,352776.6648699063
2395,323024.30704064283
2396,334993.2285907824
2397,282059.56256235664
2399,335859.99066924903
2401,383092.3710761462
2402,272623.2249517235
2407,187146.5737769313
2411,156061.23889596417
2414,192894.51660969283
2418,225425.71224320872
2419,156337.64185686086
2424,136454.84014620204
2427,159873.56360242644
2430,193076.59716985296
2439,170847.77840436608
2441,188600.24377681973
2442,189426.39562460588
2446,405345.53239152057
2447,344804.7273019584
2452,294360.4658115482
2457,281973.5181839955
2458,250553.58772825106
2462,303509.94336444454
2465,174971.86593880423
2467,175448.1618332381
2473,105521.21281907691
2478,148006.78428859246
2479,146622.778943408
2482,113555.9897627237
2485,108025.3679670322
2488,99134.59680283196
2494,92467.17081685385
2500,231159.95314312662
2509,112893.39646907442
2512,139925.96115186918
2514,113146.80088004872
2515,167287.5699619382
2516,190036.58784381926
2518,149300.70037356345
2519,157170.85070897563
2520,137625.5037231445
2527,145359.1041494785
2532,92819.8759129689
2538,92813.35943288673
2539,104814.62376166556
2543,77426.5958969562
2551,111089.82245702686
2554,101855.63164545158
2555,98156.06076800457
2557,74316.6761901204
2561,102782.03627165474
2563,104914.0307184352
2564,99066.15745158988
2570,68354.65045549606
2571,170120.26928954004
2576,111073.86505876902
2582,130850.85971894013
2584,106923.1613546083
2587,83131.62583386121
2589,89115.39369823984
2591,239901.90437223588
2597,85717.00098207561
2602,133895.8245205409
2605,112818.586941773
2610,132969.9438249302
2611,101622.36842700516
2614,95973.71522413657
2616,181924.0922322781
2617,161182.32662029538
2620,77327.12829280552
2623,80024.9894368507
2631,134533.5051192537
2638,110256.0021951765
2639,95785.10235492254
2645,85070.99296028032
2647,40564.69961103241
2648,104788.133202852
2650,66195.1909876727
2652,99682.86721280002
2656,106499.29141753916
2658,105085.85813003308
2661,154530.33902248263
2665,128864.90100955291
2673,92442.33487595689
2678,76852.49564045599
2679,90383.63762545619
2680,41723.0028248812
2685,81444.03710153562
2695,85303.88865830729
2698,77812.25594623286
2700,113869.72429461808
2706,106783.17993272479
2708,115973.19671942283
2709,121762.13331811255
2711,83395.34753621757
2718,113589.36202754964
2719,121267.91325090925
2721,142735.25576599856
2725,141948.91298573458
2726,188157.9070883973
2732,187400.1220956153
2733,106018.34913580058
2739,141799.15001985224
2747,143813.459009437
2751,185207.1518194068
2754,173044.13370785388
2755,199965.56834004805
2756,167002.19854697766
2758,202642.31618272504
2763,165897.1252629307
2764,192881.67663801083
2765,148147.00271829692
2766,142136.2589246827
2768,137922.55963654508
2781,178974.5662439377
2784,141766.30824437583
2785,115384.62663970208
2786,97373.95378217568
2796,200537.11766036338
2797,229301.5853299755
2801,202362.70737973362
2805,230636.22179083276
2806,172110.3951586268
2812,153798.9455449199
2817,67648.08426910672
2822,95483.94784169432
2825,189463.60427864804
2828,112221.89848543289
2831,93981.39801505036
2843,102685.81291988248
2845,59557.797978635776
2847,111947.74335566707
2855,134787.0060762813
2856,109481.66382892427
2859,107321.44515979753
2865,177916.3887572462
2867,162710.62687880112
2869,159447.49201410243
2870,211134.35082387683
2874,117536.14832122366
2876,44666.12516120539
2889,125055.06769663739
2892,281574.8648009085
2895,243385.1146916414
2898,192664.35948131356
2901,273340.5909152181
2902,290816.0533680968
2908,102564.97116850264
2909,77128.80201820566
2916,146814.26858377887
2917,79604.20724471446
2919,34052.513818697655
2921,44910.5732316362
2922,143715.512307767
2925,145591.59990743015
2928,89844.21517348205
