Id,saleprice
2,114752.46699391205
4,247602.509040397
6,199694.15481243914
7,218919.28934314183
17,209901.77044611616
18,298836.99672470463
22,223205.18983237245
27,107861.98790604949
31,114080.28700914845
36,164801.55283509006
39,349507.3031636856
40,266881.8591461967
42,308376.85099951876
46,246614.6319596705
53,185345.2998732339
58,191024.22741541377
61,272586.97244122945
72,217880.29047579606
79,115653.19953468986
80,205181.37555779435
82,165278.24593426712
83,94129.21026298791
85,149115.53510068334
88,115005.68305928042
92,275341.4011988838
93,272973.1496372989
95,191421.78949680863
102,204794.3988455311
103,186236.19761125493
106,240824.5500333723
107,198727.4309849911
110,226306.1751644218
114,202168.61512582315
116,192337.32675429314
117,156628.80978602762
118,137830.8273174103
125,184416.6138421108
126,160850.87508712255
127,127678.80110247534
128,213796.785531022
134,140148.79102238637
135,195265.3889406017
137,260737.47501954625
143,125080.04587296901
147,122630.69196622151
148,190064.17608268958
150,106642.78721381557
156,135065.74095435918
157,111733.5923582355
159,146323.28379100986
161,262171.68001727597
167,126118.88327897765
170,160525.48219297745
171,86810.42826677962
175,92897.46168613271
179,138577.0733013673
181,107116.1854494392
186,213580.218362432
193,196225.27994716488
194,73882.44334872274
206,150353.25336582266
208,167364.89054756938
210,168047.05090890487
211,98942.17026154316
212,128469.99040193984
214,95649.97068297946
215,146871.05624743958
217,147863.92387917807
222,140869.14650978486
227,156717.88268260786
228,166670.25832996343
233,233487.25845398536
235,138241.23237030566
238,125511.13292976058
241,177485.76462718152
252,200493.76410288172
253,196487.01298414796
256,143976.461678532
257,144730.62587965216
258,203821.89870196854
259,189853.95774253193
261,138790.38923656332
263,114322.67667667447
266,230235.73669188176
267,230159.61779949127
270,159630.43515042472
271,240508.31310535356
276,117364.27967403074
285,155849.57525843996
288,58226.057489023224
289,139152.39965737483
290,121204.0793867124
291,134029.15568222327
292,121585.68720510406
293,204980.04858658966
294,213092.7015883798
295,182459.28169567144
304,122278.38592020294
322,325067.307678957
326,171743.6659781659
327,97032.59352159509
328,150779.1736056044
331,56721.37263002094
332,74021.1833937957
333,93766.31748280277
335,121953.40843491803
337,199481.91733687522
342,118458.33754394209
343,188876.52699729896
347,194009.00764620438
350,299352.7863853137
352,204328.94717228398
358,189096.77921023825
359,192683.82573524266
360,172586.9566791158
368,275765.0624139634
369,223609.3730007249
373,193407.96695875714
377,241561.26257808958
383,179071.09491458623
386,232741.59922063997
387,236933.315217619
390,176413.8368810874
391,163689.45925160358
395,154526.2129729243
397,116270.77640460129
398,104852.95932267199
401,100554.71916723342
404,147093.09679739506
408,116369.32687333762
409,142148.51742174444
410,160883.36977717618
418,135444.84175849037
422,407441.50751479197
427,332985.9613598405
431,362916.82491053944
433,438269.3725544885
437,316930.4980976068
438,284572.92182748055
442,340894.89814851875
447,238945.78453338603
459,322337.7086073187
460,292921.3565337416
464,229429.39028641098
465,202077.07736735744
467,189856.27237950108
468,185426.1726432628
474,192697.85153694174
480,205928.09639551016
481,215434.41928733984
483,250497.9154191893
488,184695.45236569556
492,182579.983770201
494,185808.45393895192
499,305319.23298595654
500,270909.81109697337
501,289193.7887076925
503,242463.72139840218
506,222308.74596142975
508,247184.40299947554
511,274423.74747267016
515,232180.63461701386
519,221394.76455508167
521,261224.55912879642
530,227024.7862028834
532,217686.1916869156
534,183207.87976209034
540,177967.44995501873
541,122731.18684574097
551,151125.08746221763
552,189809.51610349907
554,102456.1049763135
555,108343.25897475389
556,123972.75418649218
557,122679.92923782088
565,227195.00936901232
566,272106.88335665746
567,157517.58261940116
569,213985.78807882758
570,204947.33736313955
574,234133.97655210548
575,293428.6349255278
576,238995.6110414266
577,197199.6842833481
578,225394.35854498987
583,218508.8325623962
584,235541.06314769696
585,160853.90703037113
587,188690.9524786523
593,220407.94148702346
597,211649.33842697222
598,182384.14834887715
599,166145.70782628143
600,108936.01871979129
605,169609.1421301864
607,168299.04417249165
608,159730.01042715242
611,195301.64145287752
616,121371.65086232513
625,177997.92247238837
629,171326.40759758884
630,142542.36393228237
631,122719.71616394643
640,205801.84933393568
642,176594.59488304667
643,122297.36457014724
646,118852.8013664503
647,158344.90255445888
655,66134.65882058509
659,108621.25312643184
663,55188.62294197829
665,104267.01214186058
667,226838.644811664
673,141413.1273672173
676,126971.00446423244
680,142099.62222698092
682,125032.10282185115
687,152097.88524847396
688,166905.88352358586
692,127525.0564812092
693,118000.22589365504
695,165724.09240254204
697,131916.3980718805
700,162229.5679342077
702,153003.96035558614
703,162232.85895875993
704,89718.29952994682
712,88913.54993656406
713,103388.7164873474
717,246881.3966007737
720,206022.6799564414
721,68487.56262686459
726,175837.7120848841
733,116141.36107677234
736,122548.16455025363
738,110500.83295047774
741,122932.68469556108
743,68764.77799535473
745,104381.26474126469
750,157950.5249507941
756,97386.49565532601
757,146976.81436246933
758,159855.49112212757
760,83095.49081707856
765,159523.5820840128
775,124207.95406540777
776,118068.0525990381
780,169073.92062179474
783,212238.47567459918
790,108345.43340562313
795,70435.17791792277
796,135787.1584573854
797,157853.32935949543
798,113282.06451569566
804,213060.50034356094
805,226904.434209373
806,246500.6248878112
808,143815.3507263969
814,176750.49655905363
818,284435.8496319737
821,278921.66090558824
822,332704.8377506818
825,279331.9095619497
827,245356.2176445792
830,203964.82245018447
834,225855.65466355055
835,193066.20682947699
842,134399.55699593073
845,210371.94867550337
852,218132.43606264144
857,123579.95798349413
858,125692.09179465039
859,118657.41713688223
860,123706.15523101573
861,113324.6419368643
864,244813.0372831797
868,197147.02291331193
869,205058.07624004025
872,283876.71854889445
873,226529.25066260458
885,117858.23220247598
890,117542.61488626982
895,83117.7753642739
899,78246.11415372093
906,141807.7348403582
918,141798.3079293318
923,123376.04184791607
925,111575.85394326778
927,122660.281068162
932,209623.10419502106
933,135226.27908199647
934,161320.21466988605
942,97649.27310262846
947,250374.4233300995
948,250517.5494116668
951,139973.9365434334
957,254596.38510032988
958,298523.73547868954
959,199406.05458605135
963,196178.00654974236
967,215304.20281757056
968,319668.2694931706
971,165405.61251435167
972,174943.91238391132
976,97919.95480521063
978,80481.23402990394
979,107862.9185860437
984,95987.52366145926
986,145847.11716029744
991,216083.43272756535
996,230477.31297278946
1001,239148.35071788897
1007,212452.02117747944
1008,183259.22511408036
1009,217111.67039111842
1014,173011.13112772992
1022,219207.25199563956
1024,193764.6138055731
1027,126417.03388486739
1030,165566.9593109684
1032,162573.1163865169
1035,139806.17375185937
1042,122474.81032415197
1047,140381.46636271587
1050,100913.19766797364
1055,285591.4111047598
1059,375897.4745407959
1061,339205.12791490136
1064,429467.43622366793
1077,253785.84410073946
1081,259030.29127556278
1092,248741.47329969666
1093,194434.2560571941
1095,216479.72676998234
1099,277234.4040298056
1101,279066.2548432051
1103,291839.2908508093
1109,255093.2854805343
1112,219093.10296979375
1113,248395.38443663425
1114,244666.27160526178
1116,252643.6511959649
1117,202724.77942959138
1119,268381.3676878595
1121,216493.18402391335
1122,196771.15869405144
1125,260828.94438602595
1137,174896.53575795234
1142,223003.66187223245
1144,197590.07092074637
1145,205521.1805056631
1147,191207.73024067414
1148,199058.6771765641
1149,176369.14329766395
1150,123394.77434492856
1153,106139.0257682409
1154,100616.05625288926
1159,329125.4349318394
1161,177810.65919267933
1167,171060.97711241205
1171,255817.31836679968
1174,189514.3418712922
1188,184793.56540468655
1189,174985.37433365683
1191,148293.53753552918
1195,128224.7477896109
1199,171203.79609303022
1201,200148.23755625798
1204,208013.02827960573
1211,146668.12448394203
1214,185121.19798689574
1219,134930.01549354894
1220,47357.45930428547
1227,187490.49777728683
1229,241863.55818138848
1231,128992.77471557952
1234,218436.1433690938
1235,116558.27516631673
1239,163525.29449713015
1240,157863.80778178666
1241,172184.59693210703
1246,97396.94067152147
1249,191489.41759450512
1250,120221.4402530118
1252,149822.56087321107
1259,173669.00685996818
1267,126870.4287581722
1269,104426.14937666748
1270,138956.52606921343
1272,112964.32310760874
1274,134381.33418958698
1276,120562.52374050577
1279,138894.74794608323
1281,181389.1035259942
1286,171370.0739251956
1287,129747.75768061241
1290,73273.9954611123
1291,145941.05566723473
1297,176763.62355566813
1302,151837.0739491533
1303,23830.67356168464
1312,99968.96498186403
1315,121337.4166753587
1322,78577.00220927407
1327,100691.28824331578
1331,132122.1153029799
1333,128220.05153152155
1334,121027.01945550262
1336,124647.14483601603
1341,124617.1582853577
1344,96551.212668917
1347,144448.21316891492
1348,184901.25016409854
1353,162072.69196968668
1355,126614.35740552547
1356,121509.27746887208
1357,165123.47468224243
1361,129764.54281838922
1364,126579.61960398278
1368,118163.0916433951
1369,102509.60556697333
1371,129385.19420147166
1373,128021.96081182355
1374,122193.14085166542
1387,134860.8272337675
1388,94659.20549168767
1392,147269.16890019362
1394,127347.65063415481
1406,159021.21236674208
1407,196396.841023552
1408,191649.60737604328
1409,154527.47034579795
1411,154771.98856895318
1412,102426.33554582161
1413,138707.22201511773
1414,108832.80932685579
1425,249315.3027145684
1430,194240.34689507788
1431,215241.23153061362
1435,243242.6099282165
1441,224255.58135474325
1444,223997.68640799043
1445,103053.88239752069
1446,128657.382033863
1452,102141.00627922341
1453,98795.57015155186
1456,244646.50200855912
1457,234995.93465602893
1460,257931.47911179578
1463,256112.70482381491
1468,228465.44874785555
1471,235142.24912247102
1474,217193.65367573642
1475,199209.45190373185
1476,220242.71921408246
1478,205192.03766483656
1482,170381.07229247625
1483,193482.60251758122
1484,171613.12513082
1485,196162.75368870588
1496,164160.70386329587
1497,151527.32262667728
1500,180448.9082713004
1506,108902.13384575114
1507,98875.71807993391
1509,114103.17389082092
1510,121158.00191140914
1513,119917.06771588432
1517,136027.5529221036
1518,178845.5929764642
1523,183615.81949125233
1524,129063.64789532486
1526,142130.95197655083
1529,192649.32139182076
1531,155600.3850838105
1535,103205.44642884325
1536,138792.8526491329
1538,327066.44538909773
1540,237394.65074007362
1543,141843.61569599464
1545,115793.97532494368
1546,117661.51330536298
1557,88496.35738282888
1558,123468.2910963626
1559,70931.57482361626
1563,271218.4414506504
1568,174840.17694240934
1571,214972.8559099449
1578,155616.97134655432
1579,204498.55488144857
1584,240565.53428022095
1586,319777.81971255236
1604,115079.66032115054
1606,142223.64174370607
1610,175314.8349453785
1611,121185.64440399029
1618,166525.92622367438
1623,194366.75013578378
1624,190460.4629336625
1628,192511.1645124273
1633,226093.02810892742
1645,157023.26642692403
1649,224107.2528806057
1652,160957.1863446006
1653,162958.48432175268
1656,149131.3791107975
1662,191510.4197417239
1668,103845.1220257375
1670,93403.90734425676
1672,109171.72405077209
1673,148756.64148635487
1674,187612.65114140933
1677,129554.96253183995
1678,133337.11089994368
1679,125869.08630628699
1685,359370.709507204
1692,399732.4952818936
1693,302404.36028246535
1696,418650.1974411837
1709,322586.74579433433
1711,298616.773241963
1717,226102.9406880238
1718,227906.33374441045
1721,261947.0939388125
1722,252531.6916625989
1725,308151.6445595433
1726,252181.58555397816
1730,191042.89762708955
1731,179486.29807872948
1733,197812.79343163397
1737,196865.0136472955
1746,244481.41653952133
1747,215432.7474981681
1748,203918.96903451195
1749,218079.6661602286
1760,183178.7632902096
1761,412964.0750621034
1762,318017.3679298427
1768,470777.27869786473
1769,228081.9251595379
1770,278584.45450963534
1776,195810.24621808852
1781,350133.9943513614
1785,277348.0809891783
1792,219528.31750214717
1798,258347.2608639546
1812,192792.26572996532
1814,250145.08990773762
1817,132946.97467877428
1818,193459.9862056327
1822,125900.18063410203
1823,126807.4884567589
1829,265652.5831356995
1838,202500.18941577183
1845,194806.76530369133
1851,187933.01174539415
1855,273022.43886176206
1856,195946.4599857085
1858,246778.34151626474
1865,220365.99912095818
1866,151458.966043129
1867,162317.67299488175
1868,207844.0475750789
1876,137741.38198542717
1878,140430.77488317125
1879,149855.9299135166
1882,130700.13994307446
1883,112040.56968367056
1887,91030.66080501195
1895,150241.85931046266
1898,155495.1518460549
1904,46276.34714834858
1908,158677.8179147655
1917,140061.5456764351
1918,119622.90661522283
1920,126191.07742976837
1922,124309.97849642427
1923,159205.38921306044
1931,131655.03799744076
1935,132019.90004900435
1936,114835.44163051262
1939,130802.80874842286
1943,104422.51240324932
1944,126851.7058021425
1946,235743.1803183406
1952,79399.52045343921
1954,96565.01201891659
1958,125266.80452589435
1964,138249.62549488386
1966,124347.6483667428
1969,98468.9001049281
1977,118855.3181501379
1980,87258.65516311
1984,127260.59686735207
1985,76479.23476753333
1988,98987.87005730788
1989,121352.45551783804
1991,146629.7239200686
1992,131216.8238325661
1997,140150.4575033024
1999,205695.41355913295
2003,100832.95881868208
2005,126682.34631562023
2010,117868.619858864
2012,138817.97795158677
2016,128156.30710787143
2017,121962.08772810313
2022,168226.8089739514
2023,165585.16366822572
2035,148274.9209558775
2036,205006.24487562207
2040,110532.55416986601
2042,183870.07412074917
2043,85898.0089928735
2055,135279.25021697918
2056,99654.19520466593
2059,100681.98402726323
2064,109790.45716396732
2066,214738.82913417742
2070,152778.29821507662
2071,109447.66772119571
2078,237542.37274207443
2080,148870.24939502642
2085,121716.84242833614
2089,141493.27974716004
2090,190175.10228461053
2092,243314.47428400855
2094,238616.09102535128
2095,226228.37165457138
2098,344352.3735807389
2099,255136.3781350577
2103,255136.3781350577
2120,142449.74911055382
2122,174962.31884691358
2123,177281.38384415137
2134,199347.3616844284
2135,119277.44095372842
2136,136993.67257053836
2143,134451.35403388186
2145,280249.0063077635
2146,246188.25544037408
2148,207789.74331931878
2155,276758.1490575994
2156,265599.15218283737
2157,159250.6060703696
2159,216802.5635355701
2161,194165.7676916325
2164,199314.75053558516
2165,190074.03093534027
2169,144704.77467587902
2171,98478.65776106721
2180,160013.2850375427
2182,484324.98376516846
2184,116377.49146168088
2185,89979.49307842538
2188,76877.52127950916
2191,99960.21748228681
2192,88783.23652505649
2196,161311.95361635165
2198,80248.5636109253
2204,167669.76148771876
2210,172448.9875400184
2213,127166.20052849367
2215,276983.2481016306
2219,259393.13450802007
2221,233517.71712688118
2224,203134.51166965265
2228,195808.68858496984
2232,126068.11207040824
2239,118592.75002059386
2246,281939.40929129045
2247,283238.96100700414
2249,152523.203966804
2251,202253.5118717552
2254,129922.4449623413
2256,227866.34714989108
2259,241065.7926889261
2263,264881.0042911198
2266,210671.4261912225
2271,191845.16251577617
2274,219077.2621738107
2275,279263.62194037216
2280,134396.992135277
2281,145136.029053662
2291,94483.98412631362
2292,169772.96238412903
2295,208475.28638328915
2297,93398.35224287728
2299,131174.92477960858
2302,131588.76506315515
2303,104503.55734072794
2304,103845.19367656678
2308,198589.91173393885
2312,230745.08333315997
2314,176730.30673484743
2315,182199.72489939272
2316,190183.49831956092
2320,245235.6389548077
2321,264779.6330793101
2322,222947.06454929474
2325,182764.3704477457
2336,308276.5057943369
2340,292969.4239007019
2341,300898.05301492393
2342,355910.5353811324
2345,231333.62026080003
2346,182044.43497482917
2347,163980.40553217835
2354,241741.22602637755
2357,197546.2455122865
2359,151447.19304835002
2360,113614.03991007128
2361,87197.73413314504
2362,78457.69058615812
2366,156115.25393525616
2367,118342.75393098194
2370,128639.87674299123
2373,128173.74273344976
2376,122750.59829785282
2378,159451.01311142815
2382,276013.6909564749
2387,305063.0575727546
2392,360673.63684514596
2395,315297.5789215631
2396,364953.7590833728
2397,296281.53029439505
2399,370165.4477945498
2401,397273.7113207431
2402,282152.50917930005
2407,231481.61916543992
2411,193212.15603568303
2414,212068.14722584558
2418,263205.72595180984
2419,193904.5228236541
2424,200951.83498407115
2427,208305.20865138958
2430,235846.02687831168
2439,221086.1638930621
2441,237038.23685867328
2442,231616.33167078957
2446,419358.1928277835
2447,335564.39785296243
2452,311229.42648654967
2457,299150.51801758696
2458,262378.36742894404
2462,333244.3680234292
2465,195306.00403364768
2467,196296.5389310206
2473,137331.09022865977
2478,182598.05207199865
2479,182315.03551760467
2482,174987.90424689968
2485,107114.16099837895
2488,165523.80110594854
2494,113846.42254405339
2500,247419.17981173715
2509,169239.4723460712
2512,192926.3917350971
2514,169634.81490412005
2515,194329.04905157327
2516,227893.59562955148
2518,167492.86147368827
2519,242265.27845731523
2520,213383.3982741838
2527,177326.46699559572
2532,122832.42710644385
2538,117670.58671120965
2539,133335.37069186728
2543,112524.61130326809
2551,120705.39475250545
2554,105465.13283990422
2555,88423.8213694146
2557,83979.8244029226
2561,123157.2910328152
2563,160353.022723197
2564,140009.59511153295
2570,113850.51822602752
2571,283436.20596364356
2576,143929.8797012049
2582,172726.84067366668
2584,151874.40060692007
2587,118792.69846744428
2589,107458.9873027087
2591,234618.21403179356
2597,112618.47587743466
2602,153505.67577240334
2605,194431.28610571328
2610,185677.37989442248
2611,141428.38230908435
2614,121622.14719596115
2616,202375.75034373693
2617,171493.30194802143
2620,117963.36321095104
2623,83409.88567268908
2631,157500.00233420264
2638,123375.93653759354
2639,142827.13607204537
2645,149269.5909002709
2647,82977.06608735179
2648,132039.30416556614
2650,114885.32902461292
2652,119665.05645875446
2656,99017.43427969822
2658,151764.23020487238
2661,190881.8879194402
2665,165546.3011378943
2673,160776.83262777422
2678,75388.88075331753
2679,102840.76393723737
2680,52302.049899092526
2685,103686.21966728129
2695,124315.56325976874
2698,111098.14993327977
2700,175969.45412024073
2706,138141.5917647631
2708,145149.32463798302
2709,147624.78147317743
2711,123022.41038376033
2718,177231.813741286
2719,182926.43550980382
2721,177800.94211010943
2725,161153.25955273368
2726,210247.74205385018
2732,234674.53230171817
2733,135329.90997205986
2739,185927.09606081314
2747,187687.85394192697
2751,226441.66477971995
2754,207085.04560270347
2755,231994.1601893903
2756,202647.22547990546
2758,237615.77760814718
2763,207127.07087275994
2764,242713.99811310312
2765,168612.1348164018
2766,185108.87306693904
2768,171677.23012148534
2781,227854.77632732992
2784,163571.3415223927
2785,142447.88699983282
2786,105326.92828969331
2796,242858.08751457246
2797,271655.13951507246
2801,235141.72623543892
2805,241172.44097023437
2806,214396.5018399242
2812,202081.3686199118
2817,123581.62662598246
2822,122107.69634381546
2825,236605.34696921927
2828,181757.2870817085
2831,177986.15220195337
2843,137288.43774153106
2845,103784.97800670554
2847,171699.90531200645
2855,159345.9618485266
2856,139335.93383588237
2859,141967.94932709826
2865,181554.86970071617
2867,169810.06645189237
2869,198345.78974139932
2870,208747.47337950268
2874,137044.93447269342
2876,68370.08430918647
2889,167051.1579016252
2892,295774.4713977459
2895,223952.78362253425
2898,226723.78224693256
2901,292945.447989534
2902,322426.2950984596
2908,116326.538521145
2909,126119.4155355076
2916,151371.93518568808
2917,86677.481890397
2919,74021.1833937957
2921,93783.59833230192
2922,210760.49653219245
2925,161178.3865729399
2928,112141.82956937472
