Id,saleprice
2,120607.49243192485
4,263276.90438587335
6,182585.051267265
7,236821.62268470737
17,230356.61440098472
18,317319.4220282963
22,195101.89611770742
27,101483.13776851995
31,108234.45568180284
36,173646.02167000278
39,316893.1943500483
40,271008.90652671043
42,303625.88510361203
46,210089.97040806062
53,194074.51875780692
58,184093.0155774008
61,314802.12502497964
72,193329.32253545223
79,124104.02033918083
80,215582.6127965898
82,173470.62427120414
83,115753.05194575543
85,146050.52389236813
88,119917.08548915554
92,293324.62201523513
93,291222.8539358231
95,212044.9586955921
102,173266.24979705643
103,194297.75247584793
106,248450.10268107237
107,194428.5123151544
110,222327.71474587487
114,208262.2409446938
116,185118.24430110797
117,177733.6845466288
118,150404.68993791097
125,160090.0085169415
126,147197.9120668057
127,120770.6256010335
128,196979.0242487783
134,134061.89056697488
135,150435.91524266748
137,264269.0403572379
143,138565.9374279371
147,131542.7075331908
148,189545.792377546
150,116340.17420203661
156,140272.0288296488
157,112699.29949422907
159,165994.8877196139
161,262194.1777576034
167,146291.40024710688
170,117143.25313411436
171,65316.913738943535
175,88837.35802047538
179,146655.83812617118
181,127804.80361045992
186,249565.22706915703
193,216120.4236885067
194,72449.59271195112
206,122215.55954707238
208,155466.4869914053
210,158518.74785169424
211,114603.88962960619
212,118924.5307450821
214,100079.42657126415
215,157767.38690502563
217,128866.67662102234
222,120308.33216598924
227,144760.42734881633
228,165677.6465538916
233,219001.58661358058
235,95329.31806853547
238,134689.48354538096
241,173778.73685398037
252,220032.51101016736
253,204087.62642014187
256,160993.80277350725
257,131620.4168151469
258,211626.06599219848
259,183883.78210525378
261,150309.84686995158
263,125540.26551169332
266,221720.43935540342
267,235920.23371482335
270,147467.23419655737
271,257322.94181852537
276,96955.70310492601
285,146582.76295488558
288,53771.348324103965
289,146793.96654585676
290,147471.59137438968
291,112697.85009903883
292,121646.21407182925
293,198626.41594419483
294,230323.98521157794
295,184316.6279299166
304,145274.7138438346
322,325813.76869553997
326,163319.02344852348
327,82371.58136561076
328,111881.1945365708
331,45445.726948891504
332,62481.06593663513
333,82371.58136561076
335,130293.47534176122
337,203522.3866728882
342,139589.49498527517
343,190969.66172941859
347,192122.43830778915
350,309878.5355208998
352,242604.29053062954
358,168890.92143440113
359,171271.8971135703
360,171217.23973176256
368,304956.7403860098
369,220610.5882535608
373,214654.0343157297
377,255360.70952827972
383,164440.36244180423
386,251718.5111437147
387,246109.8190407831
390,198747.85003544064
391,175956.3869159889
395,160345.37837161784
397,121152.90919643566
398,101571.70146294539
401,101571.70146294539
404,141808.9618193714
408,118449.82366112311
409,155626.05675955056
410,176095.0062075848
418,157827.72133391516
422,351378.7185674743
427,319263.7315173665
431,355596.26133379806
433,396539.382607194
437,304909.68980226055
438,283844.47291218454
442,313472.00944282685
447,224280.83464021888
459,302021.51715470833
460,269294.4879291078
464,204701.35946297896
465,194387.88789057132
467,170396.77582647122
468,172245.36368899618
474,193025.26708262652
480,204569.02482144788
481,197518.47087540844
483,210761.13516478988
488,192150.7757635342
492,184058.1832250152
494,184355.32849619593
499,301917.3549792336
500,271805.89045544516
501,304564.727153391
503,235878.51162023845
506,219650.87598969287
508,284286.0327209182
511,281344.8380908174
515,222368.29305625916
519,233983.70030746853
521,298629.1327876649
530,232072.2211906468
532,226351.37350401678
534,202786.99888318995
540,195569.2128882635
541,104585.21398137449
551,167029.8105322669
552,172464.29178342407
554,141451.64222537045
555,130554.62298874091
556,132758.05150661978
557,131212.80443685883
565,217222.75028460604
566,297716.8233327002
567,159550.39275161055
569,212100.6165779667
570,178525.0781183928
574,240809.93396004348
575,263102.5368724186
576,226477.95577828685
577,238070.40592698538
578,257960.60278695717
583,233835.65759296092
584,230970.7245911393
585,168953.4683835807
587,208626.00759078044
593,234566.2107627535
597,234584.86101590595
598,179770.08368209988
599,183548.00554117296
600,98932.12257701615
605,205703.01051122285
607,159173.9898248853
608,155355.73599906152
611,186049.4038186276
616,118786.73203741726
625,187826.35210659524
629,189313.8886262994
630,116226.99451451898
631,127245.89145371027
640,196148.621928279
642,194536.58025099483
643,146704.40206427133
646,113875.55764957675
647,132038.09815700428
655,53128.81401038436
659,100261.13005964732
663,-12840.724795278977
665,122403.42442169896
667,254664.1334530717
673,141486.93857829124
676,123215.45707102546
680,158939.56522515463
682,131768.43809013476
687,179094.4170445406
688,187366.750518668
692,144490.4891241453
693,127210.09661222043
695,194259.73603529742
697,125727.31723534234
700,177684.41333732306
702,171044.03999413963
703,173139.66497716354
704,109915.28869996271
712,97530.4964459538
713,82786.57270657962
717,295273.6160755562
720,237980.2998486004
721,53069.78715095653
726,190864.90616477057
733,136315.91969151978
736,126108.26573082626
738,108759.44118905679
741,157122.03667113488
743,-8607.05580491785
745,114676.4764205146
750,195591.4394093426
756,112694.94322385597
757,148204.0479257356
758,184504.05889295903
760,62693.16810130376
765,126221.13344613145
775,126704.31217317868
776,125033.52702700568
780,157909.48330901226
783,152754.48981952007
790,123046.74584692076
795,57104.48843908738
796,119439.98732593088
797,140031.37938956337
798,140649.2343551273
804,208995.18256881897
805,223940.28944915056
806,256559.10513410496
808,127085.07327059528
814,151254.794383465
818,298293.6726245696
821,276547.4153100584
822,308195.5543067158
825,270001.101962073
827,231779.51772839203
830,205227.5762662211
834,230463.02648051386
835,183074.40522281092
842,133347.1442232293
845,219930.39608426255
852,222642.49024842898
857,108436.84690113705
858,134271.74090201096
859,108489.30948489606
860,129832.32756114608
861,103348.15272628324
864,264503.6016061072
868,212932.6549789851
869,223388.83146664297
872,269115.7067722313
873,214892.9208051599
885,87293.61575220717
890,104407.65855772179
895,83300.9462513081
899,54332.74824172842
906,122218.66797960407
918,164337.87166602336
923,136061.4708974478
925,120900.71635779028
927,127064.9801889937
932,208581.9038295512
933,146874.00741487258
934,156624.77363383703
942,110940.1295533285
947,274326.24589667027
948,250185.90535018133
951,138021.66454629187
957,260657.52398032398
958,302986.64072948805
959,214338.97423924017
963,190151.43768177246
967,225338.18831629766
968,314260.2306971805
971,135027.0365260938
972,171964.42053646187
976,65336.24237786715
978,65336.24237786715
979,73034.1840355959
984,85083.3114373905
986,143585.83554104296
991,213845.97753381933
996,184529.26095119296
1001,258783.9100956975
1007,212830.09483369044
1008,183088.50383948605
1009,226301.98385255825
1014,197228.9456648828
1022,241273.82525099567
1024,173735.56635744715
1027,139337.52875021208
1030,190220.95856017305
1032,145264.14880648899
1035,162813.2542847652
1042,129069.72382458113
1047,163329.65527336628
1050,107720.76256347461
1055,274616.73228593695
1059,354928.664558633
1061,329478.5440709366
1064,386089.8152364009
1077,236259.82849821405
1081,232306.34311069112
1092,209869.77572294782
1093,190234.86119939224
1095,197410.71883946256
1099,266605.328878324
1101,286575.14938053454
1103,304248.13914963027
1109,239653.4292467817
1112,213064.11623292463
1113,271936.7833363946
1114,241891.2739272649
1116,269442.09839980665
1117,216481.51833648904
1119,268931.40775314
1121,239090.95222126617
1122,212242.00358041713
1125,258096.30640558098
1137,170020.19144755366
1142,201746.87565068412
1144,187035.5089165539
1145,212170.9102270141
1147,185381.1002188592
1148,203443.52910504187
1149,174712.7040361803
1150,118024.16352088406
1153,109506.81722724237
1154,106862.96938836643
1159,338463.09667910275
1161,189090.4796400562
1167,174485.42352201242
1171,274998.96918361844
1174,192557.55056587645
1188,211786.90831364927
1189,178754.9469687738
1191,177522.2050328464
1195,130996.41563352491
1199,207960.63894020976
1201,195123.80046228706
1204,221628.65316531807
1211,154122.25680033257
1214,182122.57893252285
1219,124176.24814265192
1220,26242.09152603228
1227,171960.79613131375
1229,216050.18211880905
1231,143405.4686336852
1234,203827.63779490307
1235,122683.2872068788
1239,146904.91061482576
1240,176471.17960545857
1241,193309.42382319315
1246,102708.93269859932
1249,194192.2000807456
1250,140153.14134016834
1252,121427.43318945967
1259,200544.97738506482
1267,103906.64569668524
1269,106953.06668862098
1270,142955.4117022534
1272,118778.78061287414
1274,169123.52658779753
1276,149189.7851049404
1279,152279.45846999393
1281,186947.97599093147
1286,152383.23780585013
1287,139413.72216228404
1290,93013.20017552737
1291,154299.53456430597
1297,183784.41959731362
1302,174888.01331262162
1303,-949.8551089221437
1312,99852.01514182566
1315,107506.81894655847
1322,51272.81440136986
1327,91880.90765116314
1331,146923.4303071336
1333,115123.56909768096
1334,139725.6634796888
1336,127616.2287915602
1341,115446.32846708279
1344,77798.90135035371
1347,177085.26209353562
1348,215916.40982235357
1353,201510.47298727106
1355,133285.05248575905
1356,129975.7776544049
1357,191922.36532502744
1361,158750.7042117623
1364,158169.24838385519
1368,127789.2579639428
1369,111356.03974347301
1371,153201.3439953433
1373,125023.22646352262
1374,120887.91484287541
1387,146062.8028370377
1388,97089.82083279702
1392,144928.53834118778
1394,129245.64799111523
1406,166507.42103705823
1407,210752.24617471092
1408,134330.0453097515
1409,190098.62490880385
1411,152833.76234105052
1412,87234.76687818588
1413,142788.87080962263
1414,130677.7346495841
1425,275831.50833649794
1430,190425.10050890292
1431,181058.97507210562
1435,216195.19331190962
1441,220735.25305865268
1444,219210.54137831763
1445,112838.10307105457
1446,116624.61296404424
1452,108856.54757120922
1453,103026.79734453784
1456,242948.4066890541
1457,243193.49818739333
1460,276241.58679155353
1463,276076.4117412782
1468,221165.37037236424
1471,194126.87637359436
1474,212692.4199738469
1475,215760.6879136571
1476,215503.30990425544
1478,227033.17008558888
1482,147467.23419655737
1483,147467.23419655737
1484,147467.23419655737
1485,147467.23419655737
1496,166510.46801484466
1497,116892.46927262477
1500,151317.2442378351
1506,87470.31580909739
1507,74886.28549321045
1509,117347.13079129808
1510,115945.96956392836
1513,99714.64454065874
1517,156260.26439354627
1518,157568.39583208584
1523,197016.46667426414
1524,147724.7557869601
1526,166762.80957718368
1529,206311.81293520995
1531,182018.5548061959
1535,127433.16112985685
1536,149949.9246465782
1538,332071.609887876
1540,229816.85286048692
1543,147136.32033366768
1545,133416.2461585599
1546,136968.46431622916
1557,72954.17956387911
1558,108120.5277690848
1559,72253.45114105061
1563,254142.97887465148
1568,176485.14361402323
1571,181976.81677345594
1578,131487.3843961296
1579,222420.62785690068
1584,240663.8118515518
1586,296248.8850749079
1604,109349.25562712707
1606,130084.94711092548
1610,169944.8444881835
1611,142983.29724315216
1618,171189.29435711427
1623,186610.6035197389
1624,198218.5391473543
1628,185904.33117765328
1633,238559.68759580076
1645,179300.2914572889
1649,218056.1135195519
1652,164014.46929515366
1653,171607.18541997843
1656,153477.66573258885
1662,198838.6041592816
1668,112936.44835938133
1670,91599.90430402027
1672,100312.59945272889
1673,152405.0155866639
1674,183791.75629142972
1677,141637.16116568825
1678,141637.16116568825
1679,135454.89698335264
1685,311099.6634097004
1692,358371.9285542483
1693,295943.21788621525
1696,368193.7333677653
1709,298578.6691163315
1711,290214.8246133934
1717,184510.44872252454
1718,184510.44872252454
1721,252992.8171164403
1722,236471.8133097235
1725,300141.08898837265
1726,235010.5963067845
1730,171603.96746331287
1731,192847.52519971522
1733,191496.71196130334
1737,206532.38453123413
1746,238245.21258089857
1747,184453.16093757073
1748,181747.8782220762
1749,219881.81941947062
1760,184410.70149400257
1761,466899.6538516237
1762,321142.90398210054
1768,462018.82406422665
1769,230125.6296212748
1770,275789.850450346
1776,214027.37639802165
1781,357270.31349932274
1785,255940.04464300204
1792,240412.1456952421
1798,279955.26520143
1812,190501.16067809923
1814,219985.2603609113
1817,125409.03488846513
1818,153166.52207930965
1822,115917.43532153414
1823,116297.21110533815
1829,240291.6539097592
1838,209201.39642375289
1845,173266.24979705643
1851,213265.62018592865
1855,271486.9452409195
1856,164873.9620586386
1858,226998.00969017838
1865,221260.2803659609
1866,162280.97761325055
1867,181322.8131400457
1868,215015.56401573663
1876,132255.3095917699
1878,136824.1491329145
1879,168819.69275982902
1882,139591.54123686292
1883,138053.88380847516
1887,84307.90079994044
1895,161353.27794243555
1898,153246.42834025444
1904,14415.476352961647
1908,168488.16314274227
1917,138431.93997809547
1918,117696.22825994738
1920,121027.5141037596
1922,119768.4120935431
1923,160358.54793869355
1931,120581.30820549665
1935,115912.50041214068
1936,110466.92747643619
1939,114031.79708453041
1943,91841.3977975458
1944,127812.20665694826
1946,243479.2965944222
1952,93282.58248018929
1954,108465.06454306137
1958,146597.25419539434
1964,119339.99706780631
1966,134355.9474186041
1969,86266.01902048461
1977,115415.17310466667
1980,82760.90108207727
1984,116454.73180642529
1985,84192.29668295487
1988,82419.19003997328
1989,131820.3048781487
1991,163820.00604425324
1992,127183.50471234637
1997,124252.50116320122
1999,220226.1964944885
2003,121222.24950610311
2005,82058.42201521345
2010,118925.38820091226
2012,160376.26763318112
2016,131998.94065589065
2017,136443.42796098246
2022,200998.6984511147
2023,188650.71309791008
2035,158529.31122643765
2036,207209.72619232943
2040,121045.63952036644
2042,203403.7871769107
2043,80945.03556891088
2055,132143.4427253679
2056,111778.00256373617
2059,108260.44185501208
2064,111217.27561547954
2066,198395.50668667877
2070,128729.13421238877
2071,80359.42428440887
2078,228299.80077460033
2080,169204.57980710152
2085,118624.10506963157
2089,102386.05991133445
2090,197821.6001858985
2092,248301.4676860834
2094,256845.63715605362
2095,223442.63956271159
2098,327459.2154140619
2099,278267.1657855214
2103,278267.1657855214
2120,142571.7563842667
2122,174546.02419767747
2123,162887.98845603198
2134,209234.07557691133
2135,124809.59079125142
2136,132615.52135453853
2143,127120.7229036552
2145,303180.74788051663
2146,271840.50578727043
2148,218227.49658856774
2155,299653.33318176086
2156,264383.5819762139
2157,147467.23419655737
2159,218583.61838348734
2161,199750.1495869161
2164,200318.20034297073
2165,181364.82817345666
2169,114692.87767707185
2171,92068.60116848463
2180,144041.7711859224
2182,497560.62317401235
2184,116568.37093401403
2185,49965.425844105426
2188,23559.965842625155
2191,95964.46167325825
2192,76723.64831851347
2196,171489.5182671511
2198,99086.24602614595
2204,181243.43132648573
2210,199445.54775936002
2213,113882.62744474116
2215,298980.8768795632
2219,277915.25835545827
2221,206175.67184472454
2224,201078.31424716016
2228,212396.5802920216
2232,112626.51570900567
2239,143522.85685430822
2246,253026.54811241728
2247,254154.4936632362
2249,152559.92919361073
2251,179443.04118242493
2254,162095.53120977303
2256,220748.9023237108
2259,201230.45180963242
2263,269052.98619944626
2266,217360.63163682513
2271,196053.50921976453
2274,199636.46634883585
2275,281806.96913714544
2280,154183.45388183455
2281,116335.65329425334
2291,82371.58136561076
2292,164532.43757445822
2295,171790.62192546888
2297,82515.44526611858
2299,131520.57640701428
2302,103216.90804200008
2303,103216.90804200008
2304,94868.96360358887
2308,209458.08698652318
2312,240158.32981848565
2314,170077.7135934189
2315,186189.6730214811
2316,173782.24690293462
2320,262069.34154067823
2321,275235.8471699476
2322,222741.45703730415
2325,170657.0361762491
2336,339251.76498790155
2340,286760.6825964447
2341,287364.4767246918
2342,321898.1846617087
2345,233935.5852567767
2346,180268.7680714053
2347,166206.98347502018
2354,240832.8231235383
2357,209580.8472533302
2359,166266.40450074917
2360,123567.50401335419
2361,81418.87311517463
2362,61269.33470699952
2366,141808.9618193714
2367,126761.3701391842
2370,141637.16116568825
2373,127390.92114429246
2376,108685.33319077209
2378,174170.647507593
2382,276459.41437180835
2387,294833.0842995049
2392,315603.3307519468
2395,302343.23785380373
2396,318800.4685211235
2397,273198.4327837961
2399,311572.72285509575
2401,350258.7608012323
2402,256857.06592509185
2407,210521.67537339305
2411,179343.9514604977
2414,194970.5116718864
2418,285992.75685806747
2419,197482.2841407894
2424,210647.13036761206
2427,193945.0072682072
2430,232671.81785031664
2439,219030.5913494007
2441,257446.60224184394
2442,237177.092242731
2446,418361.9682876937
2447,348883.42977445
2452,302096.2714371818
2457,315815.1324461313
2458,257018.03261949445
2462,354004.01115893957
2465,205122.7228804004
2467,206445.0137012623
2473,131314.06582510113
2478,198473.7844278461
2479,178368.8965203529
2482,174755.2968011524
2485,110731.26704060608
2488,160712.80403315212
2494,118806.65687455147
2500,277483.42241998354
2509,183468.14270166104
2512,196244.80751885317
2514,175972.66413036367
2515,188744.1631753467
2516,252311.87076580973
2518,175757.02080196724
2519,227102.57187400165
2520,213291.6159798635
2527,176738.5602916243
2532,117746.55636723305
2538,119526.32831899737
2539,133746.8020075164
2543,128379.82491387171
2551,133775.56905765922
2554,116317.14039650536
2555,94181.45585754492
2557,88146.51286948883
2561,126993.43037491792
2563,159771.75413473486
2564,137539.4806236078
2570,120162.68200542137
2571,317305.0244595652
2576,168851.21968536798
2582,133233.01519337104
2584,184634.95205323095
2587,126225.0656912254
2589,120817.66376872352
2591,247241.94831619004
2597,106023.07854154657
2602,176490.66884823027
2605,193039.01256508508
2610,186856.84067250727
2611,153920.27658608166
2614,132726.76633163035
2616,198950.2315006099
2617,177485.9522263585
2620,118513.7985526686
2623,81069.02562572192
2631,164097.0181152572
2638,149166.58371312873
2639,119321.78770876536
2645,149129.29346520052
2647,103901.05610734072
2648,136746.5175124464
2650,153793.905155214
2652,133783.29459127964
2656,75019.58456146866
2658,185565.3288081833
2661,236333.31069511053
2665,208448.19642453705
2673,171355.2619722169
2678,64028.934532746716
2679,115108.3733228693
2680,39914.83717842851
2685,118223.98516368074
2695,126506.05861958329
2698,141579.60677875113
2700,226027.43469664647
2706,125342.21161430716
2708,146007.46114197213
2709,139741.9785759896
2711,138238.45814667945
2718,203775.82069044138
2719,202683.97625028886
2721,171461.94282775835
2725,160034.38809002744
2726,244781.52408579108
2732,215660.11992397136
2733,122870.49706644376
2739,180110.52212676153
2747,178252.10702034517
2751,252342.8303584357
2754,210097.23121908435
2755,250239.31639925487
2756,224816.3975348327
2758,218422.32256705855
2763,207562.97828816477
2764,247155.87042744958
2765,173228.2087912662
2766,158955.0228179292
2768,187619.7917111548
2781,244595.89742377456
2784,188686.7775443432
2785,114918.5117536394
2786,107177.74489092056
2796,253933.4831515479
2797,280747.4047076555
2801,236753.22199408716
2805,256725.44287926273
2806,213910.9364419189
2812,213667.22380609153
2817,119091.92733910796
2822,130719.75589102467
2825,244871.9167005719
2828,151317.2442378351
2831,185832.43830746316
2843,140921.30114560947
2845,91589.55960170455
2847,164171.93180752647
2855,193713.95762832658
2856,134610.10695947486
2859,160947.9939157045
2865,211446.43439241295
2867,181777.5509549722
2869,176669.95053173506
2870,177725.81666127237
2874,168381.38852359029
2876,65732.42396409431
2889,159699.135973292
2892,258413.3974343353
2895,259990.4498371474
2898,260074.1901564698
2901,289454.7856887003
2902,300510.2539187816
2908,106389.6604801061
2909,110348.32473808435
2916,135813.90403025347
2917,70994.74838960134
2919,62481.06593663513
2921,82371.58136561076
2922,212580.42694922583
2925,152105.36673224682
2928,92994.94498287002
