Id,saleprice
2,135041.02981395824
4,243081.50995529676
6,170494.46406214978
7,196711.7368452105
17,181928.10483440463
18,333774.60576744087
22,153176.20254978
27,122557.59865769732
31,106304.75661504835
36,138663.8938470829
39,339959.0000728309
40,220545.27059049372
42,285376.5765903856
46,191193.56880495395
53,142694.64981221696
58,148466.5152252375
61,289155.81269798905
72,237531.73256598396
79,100940.07661069556
80,151019.78611826716
82,152819.00396681187
83,130310.48003370181
85,140233.32100728608
88,130574.20776891938
92,253229.0519462294
93,243685.2158831157
95,151810.36048915389
102,168936.84126386532
103,143273.06449143693
106,196477.0660987036
107,149862.5759755177
110,198376.3445029794
114,173038.10883423465
116,163237.71273511605
117,150635.41263333123
118,142502.76189699624
125,158407.39017938718
126,192359.01634666303
127,151064.24596393885
128,189589.01819424666
134,142112.19191825605
135,161709.1566856838
137,215498.2950342635
143,149411.73542325883
147,151223.77240167017
148,182103.8471707005
150,125249.68042973039
156,138045.5779716808
157,134140.23010938428
159,138433.54308394494
161,531447.1181187949
167,152996.0553959189
170,145429.46151751903
171,87905.93365963109
175,147472.8445740132
179,235789.51423822888
181,118388.95897942022
186,148669.12513428135
193,179589.69153944764
194,228125.3701516127
206,119173.99277221574
208,132857.06596563105
210,163745.6328501186
211,225092.55318086618
212,156411.8487530882
214,150443.83057902718
215,120196.53424391375
217,629565.2945921306
222,140164.1762019594
227,153430.03517876207
228,143073.3475667468
233,551202.5970696977
235,148267.13626374945
238,138792.10434246008
241,136834.48120650614
252,150194.8593527156
253,161371.0957970572
256,140127.3005526908
257,148364.49329094248
258,161868.8742815751
259,167540.5211677005
261,137379.37239927513
263,135405.89202084922
266,189108.26412288137
267,192944.08347469536
270,126534.0913324654
271,204718.85670003312
276,164798.93889500448
285,151754.28065769482
288,80314.87917759934
289,175608.76636993678
290,139028.37093859067
291,631211.9486167294
292,142037.03286402152
293,185320.00970787526
294,206755.36910693935
295,202962.7691283113
304,142313.26175883756
322,250233.24586314132
326,158160.98320881272
327,100263.49424672943
328,131154.1406005152
331,109765.14921533901
332,105771.11017009812
333,98247.83245545736
335,143774.29026210608
337,181806.4708534529
342,113255.1880632977
343,159286.0678010081
347,147503.31576359834
350,296057.3092976687
352,220320.51999094058
358,183580.53346415178
359,154440.78371909683
360,136758.98144383443
368,289501.69585587364
369,274512.0583084347
373,167901.70282808726
377,197334.09897118178
383,188005.273772571
386,175085.01714826256
387,199916.97109493706
390,151759.73385224224
391,138216.15406797483
395,134305.29215831019
397,130312.76017605062
398,132140.31950792897
401,122710.81644799167
404,126399.58909280018
408,118987.24441061984
409,108143.17485533645
410,139756.56674425892
418,126872.8283706994
422,378986.4631155464
427,314773.2819336121
431,326472.32065838145
433,417706.6920634026
437,317065.1626786687
438,245127.17959572255
442,314373.8907793003
447,212308.4750320585
459,285039.9401513312
460,243537.577829134
464,162050.81777719088
465,151313.77465697326
467,162877.5496238866
468,169699.86847137142
474,138531.94648063852
480,160311.9801740219
481,163229.64383883655
483,172011.26975968748
488,150585.11965427524
492,156510.67967782496
494,142785.69484502106
499,280267.5370254555
500,245888.14387913834
501,287718.29038130917
503,238394.48967701133
506,218951.86373795258
508,216379.21757418156
511,227228.27816872022
515,206305.58131127496
519,198924.44047599356
521,206047.01169172922
530,204558.6928486026
532,192847.5468849884
534,149527.93170996103
540,133231.12498110838
541,130299.23621480734
551,143611.81338042853
552,140189.64426141596
554,197387.1643262172
555,131529.05467600765
556,130010.46273791067
557,122963.0305982607
565,225276.20801462838
566,206302.53024240956
567,142385.81425115207
569,179721.22760057292
570,168842.91139316716
574,166319.58338303043
575,291944.1157735156
576,172429.44741646716
577,187327.64249781566
578,184624.42331025543
583,191057.01648958863
584,197762.38881770818
585,156379.8609002906
587,173658.6592272453
593,176076.431665708
597,191852.4485180934
598,167652.79582688634
599,177722.14419422153
600,145971.13763656266
605,157207.70708823367
607,158438.74110078253
608,159323.80481541413
611,147325.26698443943
616,112545.93513796706
625,160343.12979497714
629,110851.39718345096
630,125246.96195267086
631,144220.73624523537
640,173166.53969099015
642,160418.23028903376
643,145735.36926568527
646,223250.72212460282
647,155199.02693765727
655,229593.46443803897
659,219127.49539413367
663,110114.33084237625
665,114896.69109596938
667,189197.5804521634
673,154999.44429402796
676,138782.35152491284
680,155023.85469804826
682,146292.42656977175
687,118593.05548641761
688,147927.09196827916
692,101596.92161823095
693,126479.241837396
695,268162.97400024656
697,241948.69890153495
700,152305.44700552576
702,139387.60571334691
703,120938.5584404826
704,149034.95666690316
712,120042.42456841399
713,133213.26359155372
717,122782.84166886308
720,143895.22204813582
721,111971.01114205159
726,151765.3937198603
733,201582.4666337052
736,128806.56899272327
738,127103.22908409737
741,146757.7877136577
743,65585.06473499419
745,130942.59326385838
750,259768.94041538914
756,118201.61717095715
757,120154.66318048377
758,134374.8651710736
760,109855.85144439597
765,130315.25133880397
775,138488.85427297116
776,128239.83671262849
780,171333.47565491375
783,647877.0005916336
790,126484.6279062836
795,106157.10259240211
796,103765.24082913231
797,144297.8133901376
798,107827.11895833937
804,171857.9608383148
805,190738.6279736882
806,188289.2137861498
808,120964.14103973628
814,148402.9779477667
818,242278.2754883658
821,241751.19705943554
822,288831.35913034866
825,234503.81889716457
827,200059.4425653494
830,179972.70148464217
834,221624.30297760482
835,664674.5348497011
842,150873.25329743218
845,182477.46020917592
852,183206.8065944871
857,147248.0541467131
858,168279.35576263798
859,142087.74768067713
860,133979.04113144788
861,133561.23095033524
864,194959.01762729822
868,160054.7993701917
869,176495.602967546
872,237492.7130991345
873,199958.8974029505
885,106529.92240673584
890,110995.93453496038
895,114004.02931081176
899,524671.8493793535
906,129659.65180760511
918,243750.37853407636
923,193122.80572642543
925,261397.266642387
927,170170.12258175376
932,213576.68730294605
933,94836.4177242094
934,115763.19236949037
942,203487.09415177722
947,188085.13401617404
948,246618.64353175813
951,140573.17881393296
957,308418.3917952308
958,279197.3733248108
959,199220.67473948275
963,172619.58508479956
967,182877.4915213993
968,297065.28870498936
971,149798.8939859813
972,139355.4775111982
976,87648.11304039968
978,93584.74954923993
979,105188.20751604544
984,130516.8536582358
986,176491.35353108062
991,196577.86007266087
996,185821.66524612103
1001,242396.87377606358
1007,169591.66909343534
1008,143090.42834462825
1009,192133.73080908557
1014,146176.40610468716
1022,175132.72065401514
1024,160006.27571034167
1027,123843.32017804617
1030,147229.19882525716
1032,152955.3045789394
1035,137586.2529061962
1042,108718.1973941262
1047,123775.4247923026
1050,110559.29231785565
1055,265746.8573471952
1059,344327.70279265346
1061,306963.97001646395
1064,421606.91646874364
1077,172748.01541755165
1081,204241.63309191325
1092,195026.18928472136
1093,166562.32194266366
1095,165067.02352018884
1099,252486.66329497047
1101,247270.48176154302
1103,274418.99596508685
1109,238764.20789334673
1112,205916.02266392738
1113,178874.03560046782
1114,211500.75020878192
1116,193337.7946144193
1117,212578.56884398585
1119,231697.70962348997
1121,187214.45172719832
1122,198604.36516569904
1125,224931.50355683026
1137,141210.01603199943
1142,182449.27278022116
1144,173905.3862735023
1145,172606.70651016192
1147,134360.22306667632
1148,164401.62837111394
1149,130531.35340617734
1150,125210.3505118132
1153,85270.45378784765
1154,115024.86390174073
1159,294259.27761385054
1161,133673.79647876992
1167,151496.8609829314
1171,205062.2098204516
1174,146570.97323706586
1188,183780.53935252206
1189,166372.99201689518
1191,158411.3678041055
1195,134246.54638286968
1199,158039.4220945636
1201,183136.08635022514
1204,169150.11277498922
1211,139051.62888028898
1214,646054.1819985026
1219,134486.64802872395
1220,95415.09775849957
1227,169841.74831382872
1229,210437.16096378546
1231,142845.15639458745
1234,179829.32155997885
1235,138559.69561166235
1239,176610.02742358198
1240,175712.55237366926
1241,159673.87382779192
1246,128270.10064328174
1249,160956.13021610843
1250,129843.31581129167
1252,121971.98171701253
1259,258231.40220650495
1267,124587.83132658637
1269,118744.43563693282
1270,135336.50338321683
1272,146631.18575624266
1274,129613.0014741018
1276,124881.27341509612
1279,155592.71049306635
1281,153602.8759825803
1286,151376.11538151908
1287,120323.89182270184
1290,106307.20137550244
1291,248755.9035880131
1297,196603.1153976214
1302,187123.67265239303
1303,209945.69115037975
1312,109316.04564092387
1315,147156.04452986174
1322,169966.06511156505
1327,124382.30272538468
1331,146101.6246642773
1333,121514.09564395703
1334,229773.41032265458
1336,115711.60242518422
1341,230057.7895307608
1344,97119.01693141102
1347,132620.8141720406
1348,269877.43586003804
1353,162335.76430869455
1355,150613.76647717552
1356,123124.99410336558
1357,192597.60095571572
1361,132304.62186782065
1364,120499.0236204754
1368,112236.6510229043
1369,79485.35941186802
1371,139875.83242780677
1373,128089.7148948444
1374,135843.61122990627
1387,142170.08952579316
1388,129093.48601623543
1392,169143.0263954353
1394,132197.67557648767
1406,158611.2829672972
1407,322895.15796012536
1408,620741.7614028855
1409,149745.98013981484
1411,204549.7654038322
1412,128620.99949393878
1413,111885.07438364769
1414,133420.88595491496
1425,188177.01035292403
1430,627996.3401853925
1431,203642.12267462746
1435,193596.2684014948
1441,184463.24094855477
1444,179649.40445871156
1445,146445.25061024766
1446,139616.66098183574
1452,131443.96588384057
1453,122277.88038941752
1456,186153.4971528211
1457,187807.7158864182
1460,217966.49076028005
1463,198823.65652155108
1468,188882.03710173455
1471,209454.85978809698
1474,177801.1187422425
1475,176055.12222240996
1476,181919.1941102834
1478,174675.98529762737
1482,126661.46205310118
1483,138218.15528987232
1484,126849.44012714192
1485,148692.6295777005
1496,136466.0910470718
1497,146918.81372059826
1500,97582.45544999698
1506,150714.29650745867
1507,107724.93736283177
1509,126278.10770111477
1510,153240.21181506736
1513,119259.09946709317
1517,140931.96010674964
1518,159045.69169537287
1523,189046.828110883
1524,142825.2118125757
1526,163215.47969633076
1529,165237.48662910154
1531,161579.32899944804
1535,165098.94461183983
1536,181483.6560163973
1538,274262.38227527845
1540,200599.73673346313
1543,107996.5279955546
1545,116574.16663983735
1546,120323.80424612228
1557,195100.3548728925
1558,126344.10003244363
1559,151699.99165646575
1563,247380.49760373047
1568,146169.74430883903
1571,255469.3052470415
1578,150396.146114617
1579,192888.10257356445
1584,212419.63233405154
1586,251307.23137337744
1604,133338.9065750914
1606,144427.59748910862
1610,165733.730372048
1611,133589.81390090796
1618,156966.4621969058
1623,171686.25799738074
1624,155086.33542080823
1628,139530.20509126014
1633,218850.37875555735
1645,142748.77957592648
1649,539257.0873976536
1652,125092.17823663529
1653,143584.60825580778
1656,93830.823880491
1662,178363.32299046224
1668,124750.03009758522
1670,119863.3400645266
1672,125929.59925525484
1673,101737.29360252815
1674,128026.58036131058
1677,111777.88194173935
1678,135791.84662095734
1679,120889.71598586763
1685,342199.90059244237
1692,370747.3577799308
1693,302114.55968678667
1696,394505.0175366225
1709,284816.61126663105
1711,268680.52600208676
1717,187390.9457973807
1718,183146.81863352642
1721,186673.9644058308
1722,180526.67011953998
1725,270615.89959882316
1726,181054.5377093843
1730,151160.81376853125
1731,151613.679616631
1733,171043.17345167938
1737,173171.77006191036
1746,207535.1796303127
1747,167230.65066224054
1748,152776.36733680096
1749,182946.33772290385
1760,153987.42111515737
1761,420948.04632500536
1762,282876.3719507047
1768,948931.1646155324
1769,244725.21292407025
1770,261088.28430914046
1776,173555.8469982188
1781,321722.64203160367
1785,312914.8239103231
1792,193366.60541660074
1798,209146.31142416876
1812,176552.79066751347
1814,195524.21146579718
1817,168530.6382936788
1818,153158.51503346534
1822,125279.07104853612
1823,136154.8924916819
1829,214948.83443776012
1838,168018.192888748
1845,162030.04286762362
1851,170110.9314952207
1855,251080.91241361745
1856,164821.6155645341
1858,158465.85085093012
1865,199549.5591435004
1866,162506.12255202077
1867,177533.5004093119
1868,181636.8493173779
1876,136494.8992270478
1878,138101.8574972105
1879,145902.4705427269
1882,137970.97337659582
1883,123398.60101536495
1887,106237.63620090269
1895,128383.21162505339
1898,149363.04429271846
1904,100041.85700442173
1908,146299.17702795577
1917,140320.28184548992
1918,128386.41572339617
1920,135018.61070461822
1922,132123.06052955962
1923,143838.8509070511
1931,166977.99453670857
1935,132313.9818070674
1936,133145.8259059984
1939,131571.27009745786
1943,150074.96803079476
1944,126120.07857534752
1946,219194.8389371194
1952,243676.8300988169
1954,114057.81066583881
1958,101488.46254960193
1964,148338.45796098973
1966,155530.95552230207
1969,123623.25454383106
1977,84646.80804801176
1980,167111.75750874582
1984,116806.79648033303
1985,213901.61967555125
1988,125646.58598274968
1989,233174.26123500385
1991,125735.65020320042
1992,115799.11207431831
1997,109150.3540784464
1999,197099.28187273347
2003,223637.68002376085
2005,113910.40485675047
2010,256500.8782581569
2012,142050.06166962915
2016,254891.63437891658
2017,140228.52593763883
2022,169537.34533640151
2023,157218.61736075924
2035,120288.1493186809
2036,182439.88196835393
2040,131306.27017895592
2042,153489.7280840371
2043,98894.36708020422
2055,134718.27252217632
2056,116647.3489666355
2059,109591.76840692635
2064,125108.90624223332
2066,177681.40058604477
2070,135230.78639262842
2071,218964.34691445605
2078,194890.9576391806
2080,150135.27825426316
2085,121796.1480331409
2089,121307.60029797337
2090,151225.62215982025
2092,195443.1169995125
2094,221923.53596219752
2095,195718.7092801806
2098,297524.0225566307
2099,202703.58128069452
2103,197994.47486292545
2120,161104.88415407806
2122,169215.91950019117
2123,148639.52237913816
2134,164229.57702348204
2135,124200.37482073795
2136,131240.89707867496
2143,81970.24624866244
2145,229545.76084397917
2146,189843.7111284839
2148,164519.89255499776
2155,215458.21175336876
2156,206144.29657939382
2157,125975.26565921956
2159,178019.670908311
2161,159009.91123660357
2164,167725.9273963241
2165,165419.06837922864
2169,128590.90293227768
2171,123451.94373282591
2180,145015.1231690855
2182,416724.50757314
2184,133046.1566172583
2185,105345.86127339581
2188,118281.6579460043
2191,230027.9892876536
2192,111660.4305579601
2196,179928.06698847402
2198,181190.45304703995
2204,154575.00341919632
2210,199452.52489979748
2213,173855.53909598995
2215,269207.047391825
2219,212007.1331144821
2221,232823.68899364682
2224,205683.40516709228
2228,132323.87215217546
2232,132271.49169015628
2239,124463.271325256
2246,247470.0705159756
2247,242639.36990819866
2249,158336.8716005171
2251,175381.71423770147
2254,137030.8501617767
2256,166444.0251617511
2259,219683.95655846203
2263,210034.9094100827
2266,176537.38830290633
2271,185307.181988345
2274,224018.05928085948
2275,246892.18958601262
2280,119455.73879289793
2281,188769.06811960644
2291,88951.14135705883
2292,127265.06091151386
2295,174455.41945086853
2297,124984.90951308068
2299,147910.2489220203
2302,134611.04940995947
2303,119545.47330247425
2304,143366.53902875827
2308,191769.5836505031
2312,184016.3563598855
2314,153602.07000991234
2315,154419.88959853165
2316,170222.0929279131
2320,186359.79679275674
2321,233195.03385152278
2322,227154.48122255324
2325,150086.53603619465
2336,346000.4973054244
2340,270579.137003799
2341,283272.85785029933
2342,379504.55594278796
2345,188407.98066332238
2346,158657.8452868718
2347,119318.72936351484
2354,220035.17435419757
2357,173638.64819661857
2359,144585.74143358215
2360,128999.44781322597
2361,134294.57256917353
2362,123380.39772738214
2366,122672.24013268107
2367,82715.08234150002
2370,113244.48936579726
2373,95938.47956970362
2376,121002.86331807161
2378,129677.52171989746
2382,224966.54434403454
2387,266895.96404898504
2392,332877.30718190304
2395,308401.6687313672
2396,303764.9175454724
2397,263537.2748744825
2399,338386.8910349854
2401,358190.1653249064
2402,258259.91516324435
2407,176869.43989673487
2411,160927.0805238267
2414,182486.38131083976
2418,215668.26134954847
2419,161184.1694765156
2424,151964.37666503305
2427,163172.96531365463
2430,189977.2980127047
2439,173665.31957212446
2441,183891.27055088762
2442,195853.31137033584
2446,393779.8143283096
2447,332705.8743889356
2452,271490.90823742974
2457,289455.0116871114
2458,234982.04073772195
2462,297654.86179415084
2465,181324.95581998152
2467,187439.79206777288
2473,137585.83093085926
2478,164259.45182991467
2479,161706.10786134665
2482,129732.94600667938
2485,143039.18273652374
2488,106866.04440164407
2494,136392.981245958
2500,237065.071319707
2509,117466.41922540101
2512,136498.67586861673
2514,121314.76104341928
2515,181399.30705769447
2516,174627.61450692962
2518,154523.1541303621
2519,169684.49366106774
2520,156019.03818634767
2527,154859.69660876857
2532,133105.41502910064
2538,129053.95947293048
2539,142874.69213808945
2543,117738.03732739476
2551,149237.95992022884
2554,139000.0611026746
2555,143940.7678423064
2557,129102.77162823817
2561,150325.15720675743
2563,127943.11213081972
2564,140674.96160654083
2570,127099.39200450806
2571,249122.6803861203
2576,146461.66410154832
2582,142133.4993833634
2584,139645.77024139423
2587,110968.61529768609
2589,126783.06811326882
2591,543824.6010392698
2597,127014.46895293373
2602,155110.0398721172
2605,144841.2446246074
2610,151539.74069107
2611,127620.56317588329
2614,124370.2473651339
2616,171525.26834304823
2617,157306.60165810102
2620,238934.53323149952
2623,131916.53493426827
2631,149478.44951443223
2638,160790.84195384558
2639,219183.26934559905
2645,161601.39175205593
2647,79161.79492401594
2648,220183.8173029602
2650,116910.46853192404
2652,131152.03363463742
2656,247082.6837895601
2658,211910.23182566382
2661,278921.40684302105
2665,148817.8429362104
2673,227552.52037683365
2678,210061.02718936926
2679,140210.92426998858
2680,111513.44534827441
2685,112215.34260809302
2695,126967.44347961273
2698,114521.05468701854
2700,164930.88431158723
2706,143223.19014770084
2708,135200.12914368528
2709,147705.29720581492
2711,119418.86994546533
2718,161076.21776170906
2719,164662.23917301052
2721,136798.18131276884
2725,196683.07396725894
2726,651652.335470867
2732,199030.72928918357
2733,142683.34392498762
2739,168326.09118230848
2747,159357.07484770523
2751,188969.29559558758
2754,174729.36020700226
2755,194178.45523052628
2756,176397.88331083293
2758,219417.57053916936
2763,171631.70278526153
2764,185908.72516555566
2765,178491.64372620234
2766,133617.75341624173
2768,139762.2873435216
2781,178625.32466271508
2784,269496.7621248417
2785,146337.85561586358
2786,133747.74907967646
2796,203549.54196133133
2797,217745.33797686745
2801,201215.26219859326
2805,209387.38139423192
2806,176852.25904985398
2812,166104.74473787678
2817,104929.06898119311
2822,146578.3174306081
2825,200098.67317511822
2828,115657.7635230835
2831,97765.21645800209
2843,163742.52861088552
2845,87312.77495202728
2847,144827.75138969196
2855,288459.81708297133
2856,135582.50448757366
2859,133764.44338934225
2865,201573.61780897534
2867,287803.65694334055
2869,185008.71329700045
2870,229566.31345380214
2874,145732.19829179978
2876,99728.22042725162
2889,142133.85047636516
2892,265500.2519250077
2895,541030.3603568304
2898,226314.85481291794
2901,261708.43261569244
2902,269747.4248934067
2908,150430.20683688307
2909,105940.29030039268
2916,166254.8459587498
2917,123998.93217791608
2919,94641.25461221169
2921,98601.73963690938
2922,181996.52094697635
2925,179902.9363618873
2928,135321.36884194985
