Id,saleprice
2,136685.4267909202
4,243472.76084996582
6,169481.95545658167
7,193580.20105411328
17,181633.65782783143
18,333282.3916936808
22,152706.30222188143
27,123766.68582969552
31,103528.47149827391
36,134900.4082902548
39,338207.57249633747
40,219815.53494563224
42,286984.438990655
46,185444.2200685996
53,141126.03480594236
58,147471.277771905
61,288340.6821940367
72,238395.74941904462
79,98164.76542508398
80,148416.80332551268
82,152913.78322351177
83,130961.65346844142
85,138952.64231441144
88,130327.65813661611
92,243701.30713251268
93,242613.88381355148
95,148410.47914128556
102,165325.7124984543
103,139541.02103532807
106,196237.77540883247
107,145475.1216136103
110,198973.2513859699
114,173017.3070239922
116,162934.9703375087
117,149954.89510414156
118,142757.45626117953
125,156500.7104010509
126,188310.53333511474
127,150404.9028230179
128,187905.82633102828
134,141582.1364586784
135,159370.8644401303
137,216368.17952800074
143,149354.79317689352
147,150056.42974414548
148,181675.25551559043
150,125634.93472580645
156,138408.11189478022
157,135177.9263853696
159,134661.520132557
161,531654.598185717
167,154757.78072541827
170,145576.4997583971
171,89093.08084130098
175,149174.41101875197
179,248009.14049068527
181,118397.0923982614
186,149183.83966284816
193,179320.89263281028
194,240453.5129081795
206,115138.20015258044
208,127412.83426243608
210,163783.53758308062
211,237376.79198017728
212,147684.41228635985
214,149973.31454257324
215,113257.02747459021
217,620986.6737879012
222,140548.43065907937
227,152577.34999915087
228,141199.82372501443
233,547115.6024124641
235,147528.38296095884
238,139929.8053721712
241,138298.306296203
252,151371.69593528495
253,162148.41493147908
256,139851.75273740312
257,148709.58370872898
258,161739.00516165298
259,167843.44885190928
261,138262.982822848
263,136013.31415748643
266,187730.973719962
267,192503.67142822142
270,123629.33102099037
271,204022.56278846017
276,167326.1477190644
285,152484.00634835425
288,80230.96413259572
289,176302.1017930872
290,139490.75600477526
291,636223.5869954524
292,141861.98443616947
293,184139.94693049116
294,206421.37822155107
295,201058.7335788816
304,141954.85701809666
322,253238.956785127
326,158927.73933894234
327,97800.18771531872
328,130620.01567204547
331,104970.57341662039
332,102396.86766487759
333,96561.54125551615
335,143240.26836271817
337,152448.7842800485
342,116448.00007991171
343,159271.32328655402
347,146426.80041599198
350,290754.0367170106
352,221711.71578895865
358,180753.90874558163
359,153885.46235705566
360,137641.6387009001
368,288502.9839355568
369,272515.3894444356
373,168022.04674351402
377,196331.55156850867
383,185523.1827821458
386,176978.04132620245
387,200492.70571426398
390,151547.6462264752
391,138646.6987839162
395,134936.86285843022
397,131679.98168840975
398,132257.85770086644
401,122834.30636346407
404,121522.23658142766
408,115993.22481434139
409,105093.7049330526
410,135815.2750234787
418,122727.2898993058
422,376895.4203031134
427,316387.9855175909
431,327167.6455386131
433,413194.627321198
437,315023.9589831153
438,245581.92433308653
442,314715.2967356808
447,211030.84498742272
459,281608.9441742277
460,240462.4051417134
464,157961.65118126178
465,148985.70211869126
467,161233.13317004012
468,167974.75799283295
474,136796.22095131536
480,158943.37674873197
481,162301.52968640783
483,167808.28676009437
488,149778.9302988195
492,154652.16688959193
494,140835.62957441184
499,278790.2311760166
500,245458.38083172234
501,286622.59016099665
503,237781.6596516055
506,218482.22712481476
508,214414.12942856032
511,225376.44842789468
515,206235.793429633
519,198353.18253285307
521,206787.31479528875
530,204462.41968673372
532,194328.27771110204
534,149992.52114849657
540,132928.3819731776
541,129376.93357291186
551,143307.47436455544
552,140090.87885281484
554,212459.13860610017
555,130755.21842386767
556,130909.7478502894
557,123701.68397070297
565,224206.29073345015
566,202161.52562544966
567,137748.6227893362
569,175951.8358311532
570,165184.70941718004
574,163915.48245581775
575,292023.4369887785
576,168276.60849703418
577,189214.973808699
578,183249.9182148446
583,188733.65662294743
584,194973.79295002125
585,153408.79415436572
587,172384.08107022865
593,175589.5087317539
597,190509.67182375223
598,166041.09731089187
599,179633.340509511
600,144815.6037053594
605,156881.06357366315
607,159066.85116624835
608,157079.3986885522
611,146772.6666242981
616,112353.260376549
625,161453.49172536194
629,127435.53827373283
630,125646.94294683926
631,143570.2445145967
640,173916.72319388672
642,158085.57481185105
643,144150.49352835148
646,235768.1777174902
647,149862.7533635861
655,241337.99882082996
659,229349.97094231297
663,103652.33163333159
665,115599.1215937391
667,187639.40057919346
673,153957.00901911827
676,138372.59190683218
680,154055.89359425244
682,146164.14536422282
687,118050.22658989359
688,147657.44985904326
692,101880.52679981929
693,125244.56239031379
695,277549.4125756646
697,253970.59541353316
700,152483.12242876217
702,136255.7349828739
703,119531.42772327177
704,148433.56212446484
712,119045.9009664628
713,126657.71292909738
717,124080.91348552525
720,142551.81913160987
721,110151.59913309437
726,151300.02144050587
733,215942.12529826906
736,129356.67214915715
738,127375.16718929616
741,147377.93447167706
743,61498.55376088129
745,130955.90715066844
750,269979.6515647634
756,119167.7996052901
757,119873.62329792244
758,129497.39765869286
760,109377.01945862011
765,125588.23070222544
775,136534.22945361468
776,126107.47268646966
780,168843.61078025284
783,651559.8903482673
790,126686.65346074683
795,105920.20304108455
796,100854.14277356406
797,144228.77267271501
798,108635.65512916112
804,170679.1820687133
805,189072.12066928146
806,187457.43133398838
808,120789.5878836264
814,146619.52035330512
818,241152.12460195695
821,243268.80191529842
822,289565.5262827206
825,233369.7084125984
827,199227.80522936216
830,179928.6588839407
834,220283.81265949097
835,665808.814015388
842,150042.8039131855
845,183460.5897230722
852,183996.60568687724
857,145259.60340914124
858,167189.0839470454
859,141959.61301646632
860,133762.80286009033
861,133094.70906958307
864,193908.3495543508
868,159515.11281061955
869,176046.1077992774
872,237739.26977746887
873,199717.00402924413
885,109747.47810212408
890,111457.91102089958
895,113236.90792021902
899,525121.8863778675
906,131481.91181110678
918,259319.20547591447
923,192406.90549369296
925,273362.4548055756
927,171126.71700202173
932,213081.74566694716
933,92297.91658748008
934,113349.2052903081
942,215276.94672883337
947,186981.25065366089
948,244710.22983475123
951,138589.01727331174
957,312501.1583288608
958,279364.26331036375
959,198599.83439920365
963,172417.86103802535
967,181629.21545803038
968,297793.0568288991
971,148016.30009839902
972,137430.7102788754
976,86022.34644610812
978,91544.79441274473
979,102054.15291864908
984,128731.624311247
986,175389.23917700318
991,197699.9888559853
996,185306.1043081097
1001,242580.71212532604
1007,168379.13960701998
1008,142625.7383990881
1009,187160.06712087814
1014,147912.60947289897
1022,176958.93359598285
1024,159903.37524198112
1027,124786.20404634974
1030,147820.24872764412
1032,152720.16672711837
1035,138364.23182777644
1042,104439.20826830233
1047,121300.54154365628
1050,111604.29676779552
1055,265067.59559894353
1059,343429.0956682818
1061,307231.5379131993
1064,420199.45620083
1077,169608.5199974956
1081,201245.6677403303
1092,189432.8035850102
1093,166388.0061490299
1095,163619.85410731786
1099,251686.8753752405
1101,247028.88276904926
1103,273906.44621834724
1109,237223.3817040907
1112,201411.70857450244
1113,178032.94075221394
1114,209492.5612302013
1116,193378.27830883593
1117,210680.37668357944
1119,228668.8899861584
1121,188419.07154420752
1122,200179.120622277
1125,225403.23053447463
1137,141558.95836326567
1142,182820.11587541597
1144,173933.52761621794
1145,172310.62051165654
1147,133837.2429848602
1148,160755.1133504504
1149,128467.01002691047
1150,124088.6454141283
1153,81248.05690601486
1154,114879.93153273035
1159,294031.5876190151
1161,130329.23815260365
1167,148158.98761559438
1171,202209.69591409707
1174,143167.4630099144
1188,183865.85764243014
1189,165108.019490122
1191,156018.03280501076
1195,133890.18178192523
1199,157189.16540035544
1201,181363.8947295648
1204,167919.29733784366
1211,139017.05390740163
1214,547588.2467929546
1219,134747.64812294245
1220,95871.03637104368
1227,166211.77067267516
1229,208935.6792846503
1231,143360.27730452936
1234,178842.64091727487
1235,137741.74578865414
1239,175750.60573178635
1240,175211.5667074982
1241,158586.96331946077
1246,128176.77833283134
1249,161751.21282787912
1250,129941.22546352464
1252,137658.73954819358
1259,272420.02485902095
1267,123770.16362204334
1269,119975.69209258155
1270,136114.02487933595
1272,149338.6652057079
1274,129716.17659137867
1276,124734.17409594863
1279,154975.36848402262
1281,152849.90824547684
1286,150477.3079391961
1287,120298.47349251593
1290,107020.61412042993
1291,258903.26459896384
1297,192648.1347263133
1302,196850.9365961499
1303,222145.42752607338
1312,109034.41095189421
1315,144883.4727992026
1322,184957.40153609897
1327,124413.89402775897
1331,146178.88162963447
1333,121215.71249553034
1334,234559.60970113435
1336,118062.35074730779
1341,242132.37775646406
1344,101242.22778696298
1347,134507.66695534973
1348,281590.3998363927
1353,161782.141195043
1355,150031.7559100122
1356,122746.68141993752
1357,186875.3197839276
1361,131900.92549357502
1364,121121.37246932522
1368,110153.51819383331
1369,80553.6783338468
1371,140389.54558425015
1373,128020.24577664607
1374,136367.36490611843
1387,135725.42480888646
1388,129504.58903786904
1392,169096.5603204655
1394,131218.92899374058
1406,157598.4502549522
1407,335725.41814422363
1408,622438.5426519031
1409,151060.1851806151
1411,203059.28700523733
1412,124691.91535700581
1413,111165.36486205389
1414,132653.74644337106
1425,188443.65781351094
1430,631911.7584268444
1431,203196.94176799635
1435,193630.41394910787
1441,183755.39591918493
1444,178896.2442209218
1445,144811.32694662473
1446,138263.09365338905
1452,130933.97729246804
1453,122894.04277431846
1456,185762.06974392023
1457,187444.45319992476
1460,217820.45349956144
1463,198765.4371182441
1468,187843.2374829075
1471,210871.2751414097
1474,177299.7400445099
1475,176107.65305522727
1476,181455.27576210495
1478,175956.7267041037
1482,123720.38405025774
1483,135266.0980950231
1484,123958.84599998212
1485,145374.77888487536
1496,136762.9547572434
1497,147690.700052543
1500,95427.2351729801
1506,148612.6922319595
1507,106095.43489810824
1509,126468.35271666775
1510,153056.85662888328
1513,119183.70965673882
1517,140865.46904915816
1518,157069.66710997024
1523,186605.67083814123
1524,145832.06575033334
1526,164155.3126966808
1529,163509.65693982248
1531,161051.10111940582
1535,162535.41234918634
1536,180102.07653639815
1538,272879.53950131714
1540,200527.3671658013
1543,105548.20929937808
1545,116549.33021637602
1546,120871.65259560889
1557,200343.49069066986
1558,124921.68300511272
1559,166578.93994806317
1563,243612.90310830346
1568,145830.96128904526
1571,253913.86152906084
1578,148221.07998140302
1579,191210.8045423421
1584,212121.79686169315
1586,249736.60416272283
1604,131408.8633191699
1606,143626.46018601436
1610,165059.0728238992
1611,132226.59957445163
1618,157242.14162813852
1623,170348.50078516855
1624,154437.94364024987
1628,137307.27186653772
1633,211494.9243768302
1645,143450.19277517343
1649,539095.2416161811
1652,125396.87803157575
1653,145151.39251169685
1656,93601.22849086503
1662,176745.47504583903
1668,125182.28237002264
1670,120522.80984053203
1672,126109.63960828472
1673,98669.88378091458
1674,125488.62585434089
1677,108502.39085588347
1678,132934.3450831783
1679,117253.76554130048
1685,341670.3446957642
1692,370138.0601686697
1693,301012.2141302168
1696,393474.7464970247
1709,284159.73893743847
1711,267560.2273684024
1717,182935.57290202563
1718,179019.80431659336
1721,183509.65816595277
1722,175238.97572043564
1725,266839.0365289252
1726,177709.06699345369
1730,149367.1517215075
1731,149398.2618844425
1733,168803.03764350212
1737,173488.08333646195
1746,205817.642951121
1747,166037.79730926699
1748,151340.14521099167
1749,181890.2213131797
1760,153324.04115884448
1761,411730.63141479105
1762,281839.78927233984
1768,850481.1761893805
1769,242148.5464463858
1770,260653.93736051884
1776,171743.30658927833
1781,321036.2552301241
1785,311158.863004879
1792,191096.86350590276
1798,210060.59450097656
1812,175541.97403357583
1814,194370.16685617412
1817,175091.94200786055
1818,152938.3950345119
1822,124578.88368842675
1823,135455.48032937763
1829,214949.76013917272
1838,164631.53330557456
1845,158246.93959995237
1851,170523.9644930188
1855,251678.8848144016
1856,165973.45038268072
1858,155375.19031107184
1865,197982.30938027753
1866,160230.9097701832
1867,176949.04194128572
1868,180376.0291037306
1876,136869.1911724005
1878,136780.58526182355
1879,145582.3305049969
1882,136314.57580740884
1883,122878.88780844698
1887,106971.06005437844
1895,129691.13072356975
1898,149848.06094114334
1904,97514.69137729413
1908,141662.52305978924
1917,139717.92250684495
1918,127574.0869844082
1920,134892.65569184793
1922,132422.0205196595
1923,143264.16745654144
1931,168060.12263445195
1935,132325.45438886894
1936,133752.19687781733
1939,131856.81036106925
1943,147264.3979755096
1944,126853.67891804964
1946,220216.11408283704
1952,256587.4972921431
1954,113767.0035961851
1958,103414.27543542901
1964,148941.4679198203
1966,155200.66119325385
1969,125772.78988929381
1977,82123.5243937034
1980,179892.14113214106
1984,118250.30495517352
1985,225099.5489473387
1988,124001.06189947372
1989,246193.0816659393
1991,127829.41740647852
1992,116083.81659286423
1997,112513.1978618215
1999,191810.73271106603
2003,234101.9059545974
2005,112853.98597325724
2010,270566.40288667654
2012,141206.70661643028
2016,267549.0279132505
2017,139546.0158966591
2022,168442.585848306
2023,158594.86294580964
2035,121815.15605263834
2036,181757.35635434344
2040,132085.8013231004
2042,144502.3421420845
2043,97805.50217438028
2055,132962.56434092
2056,117066.41749504434
2059,109580.16038849374
2064,126012.54621186067
2066,175425.5657850362
2070,135853.5377628293
2071,230197.12014198164
2078,195964.38023387073
2080,150252.33610876516
2085,116717.01914329613
2089,122217.27497278334
2090,153320.48578143105
2092,194113.7229217224
2094,221566.8074448241
2095,195833.39939360466
2098,295876.4711554918
2099,202990.5582192994
2103,197740.09348211903
2120,160461.3558504453
2122,167519.37124484035
2123,148429.4404943337
2134,163633.89153622286
2135,125722.55530820726
2136,131127.62785035808
2143,68937.36369536351
2145,229663.61941914013
2146,189454.43779129803
2148,164897.29278260103
2155,214507.03045332144
2156,205161.9523377703
2157,123721.57019417449
2159,177136.53526296196
2161,157670.9724962534
2164,168374.58177829723
2165,165544.47556548714
2169,126782.80490304434
2171,123188.35234301121
2180,143966.87461580068
2182,410416.10100471484
2184,134331.9838860081
2185,105030.48786930671
2188,119085.82827603948
2191,242611.5274560466
2192,112170.30335503195
2196,176100.5312936735
2198,191261.11503295472
2204,153274.95042615134
2210,197988.4726893655
2213,174211.34747139574
2215,269484.1641576164
2219,211227.84433852046
2221,231514.80131477807
2224,205440.16580074
2228,131718.4490701503
2232,129205.83193079941
2239,126486.9838514902
2246,241812.8628142813
2247,237707.87685615587
2249,155780.5636108575
2251,175935.12318434086
2254,134760.44409845117
2256,162902.05584948018
2259,216132.35133407093
2263,209842.60205564485
2266,173948.04343040424
2271,186371.22609365152
2274,224965.57312943932
2275,247709.7775727847
2280,115475.40133841599
2281,188873.7785797324
2291,87117.14828942883
2292,126705.12784632757
2295,171983.66992620134
2297,123039.37012656826
2299,141867.13090195158
2302,126587.90254400867
2303,119748.48363776943
2304,142395.3483860566
2308,191271.48882299644
2312,183743.98514560738
2314,152653.7570784762
2315,153479.04438187424
2316,169690.00452227256
2320,184974.46577354486
2321,232362.6083192593
2322,222856.6286960351
2325,149214.90819006265
2336,344808.7104050539
2340,266722.00957143574
2341,282163.649301935
2342,378574.40860552515
2345,186556.93860953403
2346,158522.68007423342
2347,118191.60516990392
2354,217781.1337480798
2357,173670.91091822306
2359,144433.01364306326
2360,130778.68441051574
2361,134541.0533343739
2362,122242.87494042426
2366,117879.08647941364
2367,81348.62306927952
2370,109768.79661388398
2373,92968.43350268398
2376,119156.75667103213
2378,126562.01651236997
2382,226185.14196045144
2387,265935.88141249405
2392,331333.84964307374
2395,307597.1070636541
2396,304316.4643388856
2397,261392.53433549055
2399,338568.2730710843
2401,357533.45954344457
2402,258299.7054959534
2407,171732.1026127904
2411,160739.4352186976
2414,180215.22877163562
2418,214264.91254700243
2419,159708.56337653997
2424,149263.22295031912
2427,161099.84669863697
2430,186162.01316023292
2439,172498.91515612943
2441,181431.37847507163
2442,194451.6987973632
2446,392071.89742127585
2447,332653.30790855445
2452,271193.5913761651
2457,286914.6196500157
2458,231523.83910506064
2462,297305.32167936605
2465,181061.53322503876
2467,186145.47621031015
2473,136133.12914245742
2478,164405.39951715403
2479,161019.3006783615
2482,127248.159109531
2485,143179.37483687862
2488,108272.22974908515
2494,135778.1505615734
2500,235908.3072440151
2509,114505.0714453095
2512,132289.02097816946
2514,117463.10919508376
2515,179352.55962540625
2516,175858.77259574077
2518,156020.65650431873
2519,165161.3624785683
2520,152073.29024829096
2527,154554.24320956357
2532,132554.42044620478
2538,129141.97590665614
2539,142234.4126097276
2543,118303.50144818367
2551,149144.75224600264
2554,139045.09533263155
2555,143074.53311496
2557,128253.60978822593
2561,148740.62446244687
2563,126533.69121691643
2564,138013.8661602583
2570,125927.7405200949
2571,245792.27282610623
2576,146855.24442317232
2582,140153.15016641218
2584,139343.60278783162
2587,111117.99493849225
2589,128407.19523874532
2591,543120.96233196
2597,126390.44288985587
2602,154180.4609137043
2605,137726.79854735182
2610,152111.30806909283
2611,127545.5469818433
2614,125542.86049879718
2616,171277.43989062955
2617,156102.5921805109
2620,253477.53947550204
2623,133529.3963426195
2631,148910.11721750526
2638,159693.69102577085
2639,231490.21819237265
2645,155894.68483082377
2647,78975.14611171905
2648,237577.8759357187
2650,116514.30672454296
2652,126928.02521762034
2656,259944.7711339035
2658,217742.4961475228
2661,291482.4026610119
2665,148442.0182920066
2673,240753.8751242832
2678,226724.86097763278
2679,140060.8187036472
2680,110902.38678412737
2685,113556.27419369627
2695,127796.07635190187
2698,114975.06338770661
2700,158112.01139416278
2706,143578.8929444295
2708,135053.04333955277
2709,147463.24181614304
2711,119135.96880532842
2718,162169.06715039368
2719,165322.44491869613
2721,137913.97655998456
2725,197467.180070277
2726,650415.3162925609
2732,198834.19599729657
2733,142845.24071555326
2739,169095.2320580946
2747,160151.35692419545
2751,187382.57150441347
2754,173826.92257400465
2755,195237.5165585328
2756,175582.06592066545
2758,217302.9703069384
2763,170997.62185229483
2764,184693.1975839133
2765,179409.0936613829
2766,139026.955856658
2768,142156.15879778925
2781,178919.75823716202
2784,279158.6800248142
2785,147176.18288631743
2786,132934.7002272823
2796,203636.4261153125
2797,217108.67077957286
2801,200644.20080724772
2805,208421.91515125535
2806,176878.71360991301
2812,165349.08367599163
2817,105395.13981714928
2822,146885.68412910638
2825,199195.87583092245
2828,112001.2731413453
2831,94402.53656509142
2843,172743.7469184844
2845,86752.579346276
2847,145669.6154964158
2855,299419.22598307545
2856,136129.72217345174
2859,134951.07764700928
2865,201176.40943669315
2867,299092.19668902183
2869,186468.44421877924
2870,229363.85103940978
2874,146224.3276865344
2876,99746.83879146844
2889,132554.24750830967
2892,264485.7616363142
2895,542363.0945646118
2898,224939.43381776474
2901,259952.3263724103
2902,268795.34189510817
2908,149404.91333136265
2909,102698.12784750324
2916,166005.29066759936
2917,121693.46400051043
2919,91829.0486294385
2921,93822.59322196452
2922,181257.56520837217
2925,178159.409382941
2928,133134.77901914314
