Id,saleprice
2,135041.02981392242
4,243081.50995530156
6,170494.4640621493
7,196711.73684521182
17,181928.10483440338
18,333774.60576744296
22,153176.20254978034
27,122557.59865769665
31,106304.7566150464
36,138663.89384708012
39,339959.00007283373
40,220545.270590497
42,285376.5765903897
46,191193.56880495485
53,142694.64981221897
58,148466.51522523534
61,289155.8126979928
72,237531.73256598852
79,100940.0766106941
80,151019.78611826766
82,152819.00396681132
83,130310.48003366584
85,140233.32100728637
88,130574.20776891896
92,253229.0519462344
93,243685.21588311676
95,151810.36048915752
102,168936.84126386794
103,143273.06449143862
106,196477.06609870752
107,149862.5759755161
110,198376.34450298542
114,173038.10883423558
116,163237.71273511657
117,150635.41263333047
118,142502.76189699696
125,158407.3901793868
126,192359.01634666533
127,151064.24596394482
128,189589.0181942488
134,142112.19191825774
135,161709.15668568382
137,215498.2950342685
143,149411.73542326
147,151223.77240167058
148,182103.84717070224
150,125249.68042973004
156,138045.57797168315
157,134140.23010938556
159,138433.54308394482
161,531447.118118793
167,152996.05539592166
170,145429.46151751984
171,87905.93365963172
175,147472.84457401437
179,235789.5142382343
181,118388.95897942063
186,148669.12513428257
193,179589.69153944807
194,228125.3701516174
206,119173.99277221883
208,132857.0659656292
210,163745.63285012075
211,225092.553180871
212,156411.84875308658
214,150443.83057892905
215,120196.53424387603
217,629565.2945921293
222,140164.1762019634
227,153430.0351787627
228,143073.34756674588
233,551202.5970696959
235,148267.13626375212
238,138792.10434246034
241,136834.4812065083
252,150194.8593527178
253,161371.09579705913
256,140127.30055269113
257,148364.49329094205
258,161868.8742815746
259,167540.52116769933
261,137379.37239927385
263,135405.89202084858
266,189108.264122881
267,192944.0834746963
270,126534.09133246398
271,204718.85670004034
276,164798.93889500125
285,151754.28065769718
288,80314.879177599
289,175608.76636993748
290,139028.3709385907
291,631211.9486166093
292,142037.03286402355
293,185320.00970787532
294,206755.36910694203
295,202962.7691283118
304,142313.2617588362
322,250233.2458631465
326,158160.98320881545
327,100263.49424672747
328,131154.14060051428
331,109765.14921533938
332,105771.11017009673
333,98247.83245545551
335,143774.29026210724
337,181806.47085345557
342,113255.18806329873
343,159286.0678010099
347,147503.31576359642
350,296057.3092976726
352,220320.5199909435
358,183580.5334641504
359,154440.78371909529
360,136758.98144383638
368,289501.6958558796
369,274512.0583084357
373,167901.70282808875
377,197334.0989711827
383,188005.27377257094
386,175085.01714826765
387,199916.9710949422
390,151759.73385224325
391,138216.15406797657
395,134305.2921583127
397,130312.76017605094
398,132140.3195079277
401,122710.81644799167
404,126399.58909279876
408,118987.24441061821
409,108143.17485533583
410,139756.56674425586
418,126872.82837069628
422,378986.46311554895
427,314773.28193361824
431,326472.3206583848
433,417706.6920634066
437,317065.162678669
438,245127.1795957269
442,314373.8907793035
447,212308.4750320616
459,285039.9401513353
460,243537.57782913736
464,162050.81777718928
465,151313.77465697264
467,162877.54962388586
468,169699.86847137043
474,138531.9464806405
480,160311.980174022
481,163229.6438388351
483,172011.26975968803
488,150585.11965427606
492,156510.67967782464
494,142785.69484501932
499,280267.53702545597
500,245888.1438791406
501,287718.29038132145
503,238394.48967701104
506,218951.8637379526
508,216379.217574186
511,227228.27816872232
515,206305.5813112777
519,198924.44047599818
521,206047.01169173676
530,204558.69284860682
532,192847.5468849963
534,149527.93170996307
540,133231.1249811098
541,130299.23621480892
551,143611.81338042696
552,140189.6442614112
554,197387.16432618705
555,131529.05467601234
556,130010.46273791048
557,122963.03059825973
565,225276.20801462868
566,206302.5302424152
567,142385.8142511543
569,179721.227600581
570,168842.91139317083
574,166319.58338303372
575,291944.1157735208
576,172429.44741646745
577,187327.64249782034
578,184624.42331025528
583,191057.01648958863
584,197762.3888177079
585,156379.86090028918
587,173658.65922724895
593,176076.43166570677
597,191852.44851809402
598,167652.79582688704
599,177722.14419422697
600,145971.13763656185
605,157207.7070882382
607,158438.74110078672
608,159323.8048154149
611,147325.2669844398
616,112545.93513796754
625,160343.12979497906
629,110851.39718345582
630,125246.96195267234
631,144220.7362452355
640,173166.5396909942
642,160418.2302890393
643,145735.36926568553
646,223250.72212460835
647,155199.02693765907
655,229593.464438044
659,219127.49539413783
663,110114.33084237523
665,114896.69109596901
667,189197.58045216545
673,154999.44429402787
676,138782.35152491697
680,155023.8546980539
682,146292.42656977312
687,118593.05548642592
688,147927.09196827945
692,101596.9216182304
693,126479.24183739486
695,268162.97400025197
697,241948.69890153833
700,152305.4470055283
702,139387.60571334802
703,120938.55844048219
704,149034.95666690305
712,120042.42456841323
713,133213.2635915525
717,122782.84166886787
720,143895.22204813542
721,111971.01114195041
726,151765.39371986012
733,201582.46663370915
736,128806.56899272381
738,127103.22908409548
741,146757.78771365806
743,65585.06473499633
745,130942.59326385902
750,259768.940415395
756,118201.61717096332
757,120154.66318048202
758,134374.86517107405
760,109855.85144439733
765,130315.25133880354
775,138488.8542729701
776,128239.83671262738
780,171333.4756549163
783,647877.0005916313
790,126484.62790628435
795,106157.10259239953
796,103765.24082913328
797,144297.81339013774
798,107827.11895833752
804,171857.9608383139
805,190738.62797368865
806,188289.2137861504
808,120964.14103973474
814,148402.97794776666
818,242278.27548836562
821,241751.19705943947
822,288831.3591303517
825,234503.81889716725
827,200059.4425653509
830,179972.7014846429
834,221624.3029776057
835,664674.5348497016
842,150873.25329743134
845,182477.46020917816
852,183206.80659449048
857,147248.05414671183
858,168279.35576263984
859,142087.74768067675
860,133979.0411314471
861,133561.23095033562
864,194959.01762729936
868,160054.799370192
869,176495.60296754653
872,237492.71309913712
873,199958.89740295155
885,106529.92240673436
890,110995.934534961
895,114004.02931081373
899,524671.8493793425
906,129659.65180756972
918,243750.3785340826
923,193122.8057264269
925,261397.26664239183
927,170170.12258175734
932,213576.68730295092
933,94836.4177242078
934,115763.19236948804
942,203487.09415177954
947,188085.13401617546
948,246618.64353175883
951,140573.1788139323
957,308418.39179523836
958,279197.37332481286
959,199220.6747394827
963,172619.58508480096
967,182877.4915214
968,297065.2887049929
971,149798.89398597975
972,139355.47751119809
976,87648.11304039769
978,93584.74954923797
979,105188.2075160444
984,130516.85365823482
986,176491.35353107913
991,196577.86007266355
996,185821.66524611998
1001,242396.873776067
1007,169591.66909343546
1008,143090.42834462787
1009,192133.73080908632
1014,146176.4061046593
1022,175132.72065402145
1024,160006.27571034245
1027,123843.32017804647
1030,147229.19882526057
1032,152955.30457893945
1035,137586.25290619803
1042,108718.19739412378
1047,123775.42479230324
1050,110559.29231785561
1055,265746.8573471967
1059,344327.70279265544
1061,306963.9700164645
1064,421606.91646874824
1077,172748.01541755392
1081,204241.63309191455
1092,195026.18928472188
1093,166562.32194266404
1095,165067.02352018753
1099,252486.66329497244
1101,247270.4817615435
1103,274418.99596508994
1109,238764.20789334696
1112,205916.0226639274
1113,178874.03560047183
1114,211500.75020878387
1116,193337.79461442318
1117,212578.56884398882
1119,231697.70962348883
1121,187214.45172720499
1122,198604.3651657055
1125,224931.5035568351
1137,141210.01603199946
1142,182449.272780223
1144,173905.38627350144
1145,172606.70651016152
1147,134360.2230666756
1148,164401.628371121
1149,130531.35340617888
1150,125210.35051181688
1153,85270.45378784732
1154,115024.86390173965
1159,294259.27761385473
1161,133673.7964787726
1167,151496.86098293358
1171,205062.20982045715
1174,146570.97323706717
1188,183780.5393525267
1189,166372.99201689634
1191,158411.3678041107
1195,134246.5463828716
1199,158039.42209456235
1201,183136.08635022384
1204,169150.11277498864
1211,139051.62888028938
1214,646054.1819984991
1219,134486.64802872494
1220,95415.09775849691
1227,169841.74831383096
1229,210437.1609637845
1231,142845.1563945881
1234,179829.321559979
1235,138559.69561166206
1239,176610.02742358274
1240,175712.55237367025
1241,159673.87382779372
1246,128270.10064328136
1249,160956.13021611108
1250,129843.31581129099
1252,121971.98171701218
1259,258231.402206511
1267,124587.83132658483
1269,118744.43563693124
1270,135336.50338321863
1272,146631.18575624534
1274,129613.00147410101
1276,124881.27341509605
1279,155592.7104930661
1281,153602.87598257972
1286,151376.11538151844
1287,120323.89182270135
1290,106307.20137550184
1291,248755.90358801707
1297,196603.11539762025
1302,187123.67265239425
1303,209945.69115038204
1312,109316.04564092238
1315,147156.04452986107
1322,169966.06511157137
1327,124382.30272538542
1331,146101.62466427838
1333,121514.09564395591
1334,229773.41032265848
1336,115711.60242518585
1341,230057.78953076564
1344,97119.01693140993
1347,132620.81417204242
1348,269877.43586004176
1353,162335.76430869615
1355,150613.76647717602
1356,123124.9941033647
1357,192597.60095571767
1361,132304.62186782004
1364,120499.0236204768
1368,112236.65102290525
1369,79485.35941186694
1371,139875.8324278067
1373,128089.71489484701
1374,135843.61122990577
1387,142170.08952579473
1388,129093.48601623584
1392,169143.02639543632
1394,132197.67557648724
1406,158611.2829672977
1407,322895.15796013095
1408,620741.7614028845
1409,149745.98013981624
1411,204549.76540383417
1412,128620.99949393795
1413,111885.07438364632
1414,133420.88595491607
1425,188177.01035292808
1430,627996.3401853935
1431,203642.1226746253
1435,193596.26840149544
1441,184463.2409485566
1444,179649.40445871107
1445,146445.2506102497
1446,139616.66098183536
1452,131443.96588384014
1453,122277.88038941627
1456,186153.49715282052
1457,187807.7158864203
1460,217966.49076028087
1463,198823.65652155265
1468,188882.0371017338
1471,209454.8597880985
1474,177801.11874224117
1475,176055.12222241313
1476,181919.19411028488
1478,174675.98529762946
1482,126661.4620530997
1483,138218.1552898707
1484,126849.44012714055
1485,148692.62957769918
1496,136466.09104707045
1497,146918.81372059803
1500,97582.45544999532
1506,150714.29650745803
1507,107724.93736282902
1509,126278.10770111383
1510,153240.2118150682
1513,119259.09946709385
1517,140931.9601067128
1518,159045.69169538002
1523,189046.82811088557
1524,142825.21181257494
1526,163215.4796963302
1529,165237.48662910098
1531,161579.3289994474
1535,165098.94461184
1536,181483.6560163996
1538,274262.38227527967
1540,200599.73673346295
1543,107996.52799555231
1545,116574.16663983691
1546,120323.80424612228
1557,195100.35487283423
1558,126344.10003234472
1559,151699.99165637128
1563,247380.4976037317
1568,146169.74430884092
1571,255469.30524704373
1578,150396.14611461517
1579,192888.10257356399
1584,212419.6323340527
1586,251307.231373379
1604,133338.9065750907
1606,144427.59748910717
1610,165733.7303720483
1611,133589.8139009163
1618,156966.4621969052
1623,171686.25799737943
1624,155086.3354208068
1628,139530.20509125842
1633,218850.37875555802
1645,142748.77957592875
1649,539257.0873976491
1652,125092.17823663531
1653,143584.60825580813
1656,93830.82388049392
1662,178363.32299046236
1668,124750.0300975872
1670,119863.34006452624
1672,125929.59925525423
1673,101737.2936024913
1674,128026.58036127765
1677,111777.88194173797
1678,135791.84662095679
1679,120889.71598586664
1685,342199.9005924453
1692,370747.35777993395
1693,302114.55968678737
1696,394505.0175366278
1709,284816.61126663035
1711,268680.5260020882
1717,187390.94579738067
1718,183146.81863352627
1721,186673.96440583398
1722,180526.67011954234
1725,270615.8995988287
1726,181054.53770938626
1730,151160.81376853085
1731,151613.67961662964
1733,171043.17345167833
1737,173171.7700619129
1746,207535.17963031333
1747,167230.6506622394
1748,152776.36733679878
1749,182946.33772290376
1760,153987.42111515807
1761,420948.0463250084
1762,282876.37195070746
1768,948931.1646155315
1769,244725.21292407045
1770,261088.284309142
1776,173555.84699822133
1781,321722.642031607
1785,312914.82391032577
1792,193366.6054166014
1798,209146.31142417403
1812,176552.79066751263
1814,195524.21146579774
1817,168530.63829367963
1818,153158.51503342917
1822,125279.07104853613
1823,136154.8924916809
1829,214948.83443776667
1838,168018.192888754
1845,162030.0428676262
1851,170110.93149522768
1855,251080.91241362353
1856,164821.61556453782
1858,158465.85085093067
1865,199549.55914350046
1866,162506.12255202045
1867,177533.50040931272
1868,181636.84931738
1876,136494.89922704862
1878,138101.85749721306
1879,145902.4705427332
1882,137970.97337659574
1883,123398.60101536696
1887,106237.63620089988
1895,128383.21162505752
1898,149363.04429271974
1904,100041.85700441954
1908,146299.17702795687
1917,140320.28184548902
1918,128386.41572339594
1920,135018.61070461827
1922,132123.060529562
1923,143838.85090705194
1931,166977.9945367138
1935,132313.9818070675
1936,133145.82590600144
1939,131571.27009745705
1943,150074.96803079563
1944,126120.07857534706
1946,219194.838937121
1952,243676.83009882155
1954,114057.81066583918
1958,101488.46254960388
1964,148338.45796099008
1966,155530.955522303
1969,123623.25454382875
1977,84646.80804801395
1980,167111.7575087506
1984,116806.7964803334
1985,213901.61967555672
1988,125646.58598274857
1989,233174.26123501002
1991,125735.65020320137
1992,115799.1120743188
1997,109150.35407844704
1999,197099.2818726345
2003,223637.68002376548
2005,113910.40485674751
2010,256500.87825816148
2012,142050.0616696279
2016,254891.63437892264
2017,140228.52593763787
2022,169537.3453364028
2023,157218.61736076124
2035,120288.14931868123
2036,182439.88196835786
2040,131306.27017895778
2042,153489.72808403807
2043,98894.36708020518
2055,134718.27252217865
2056,116647.34896663693
2059,109591.76840692793
2064,125108.90624223524
2066,177681.40058604395
2070,135230.78639263404
2071,218964.34691445908
2078,194890.9576391859
2080,150135.27825426322
2085,121796.14803314587
2089,121307.60029797241
2090,151225.62215982206
2092,195443.11699951085
2094,221923.53596220075
2095,195718.70928018063
2098,297524.022556631
2099,202703.58128069848
2103,197994.47486292946
2120,161104.88415407774
2122,169215.91950019446
2123,148639.52237913638
2134,164229.5770234819
2135,124200.374820737
2136,131240.89707867487
2143,81970.2462486554
2145,229545.76084398257
2146,189843.7111284861
2148,164519.892555001
2155,215458.21175337103
2156,206144.29657939376
2157,125975.26565921813
2159,178019.67090831095
2161,159009.91123660287
2164,167725.9273963248
2165,165419.06837923106
2169,128590.9029322765
2171,123451.94373282584
2180,145015.12316908373
2182,416724.5075731473
2184,133046.1566172618
2185,105345.86127339125
2188,118281.65794596617
2191,230027.98928765746
2192,111660.43055795867
2196,179928.06698847693
2198,181190.4530470823
2204,154575.00341919652
2210,199452.52489976212
2213,173855.53909598882
2215,269207.0473918275
2219,212007.13311448315
2221,232823.68899364906
2224,205683.40516709993
2228,132323.87215217546
2232,132271.49169015716
2239,124463.27132525662
2246,247470.07051597623
2247,242639.3699081994
2249,158336.87160051597
2251,175381.71423770336
2254,137030.85016177877
2256,166444.025161752
2259,219683.95655846436
2263,210034.90941008626
2266,176537.3883029065
2271,185307.18198834822
2274,224018.05928086065
2275,246892.18958601696
2280,119455.73879290224
2281,188769.06811960656
2291,88951.14135705758
2292,127265.06091151419
2295,174455.41945086909
2297,124984.90951307894
2299,147910.248922023
2302,134611.04940995784
2303,119545.47330247305
2304,143366.53902875888
2308,191769.5836505058
2312,184016.35635988615
2314,153602.0700099104
2315,154419.88959853174
2316,170222.0929279118
2320,186359.79679275682
2321,233195.03385152709
2322,227154.48122255225
2325,150086.53603619293
2336,346000.49730542675
2340,270579.13700380095
2341,283272.85785030905
2342,379504.5559427914
2345,188407.98066332226
2346,158657.8452868707
2347,119318.72936351522
2354,220035.17435420046
2357,173638.64819661848
2359,144585.7414335823
2360,128999.44781323316
2361,134294.572569174
2362,123380.39772738141
2366,122672.24013268028
2367,82715.08234149903
2370,113244.48936579596
2373,95938.4795697019
2376,121002.86331807074
2378,129677.52171989516
2382,224966.54434403844
2387,266895.9640489861
2392,332877.30718190275
2395,308401.6687313689
2396,303764.91754547553
2397,263537.2748744837
2399,338386.89103498805
2401,358190.16532490886
2402,258259.91516324453
2407,176869.43989673702
2411,160927.08052382927
2414,182486.38131083746
2418,215668.26134954908
2419,161184.1694765148
2424,151964.37666503614
2427,163172.96531365628
2430,189977.29801270584
2439,173665.3195721248
2441,183891.270550889
2442,195853.31137033628
2446,393779.8143283121
2447,332705.8743889369
2452,271490.9082374321
2457,289455.0116871146
2458,234982.04073772382
2462,297654.8617941575
2465,181324.9558199848
2467,187439.7920677761
2473,137585.83093086074
2478,164259.45182991528
2479,161706.10786134552
2482,129732.94600668104
2485,143039.18273648727
2488,106866.04440164282
2494,136392.981245958
2500,237065.07131970924
2509,117466.41922540477
2512,136498.67586861955
2514,121314.76104342152
2515,181399.30705769776
2516,174627.61450693762
2518,154523.1541303628
2519,169684.49366106867
2520,156019.03818634726
2527,154859.6966087672
2532,133105.41502910294
2538,129053.95947293055
2539,142874.69213809184
2543,117738.03732739436
2551,149237.95992022989
2554,139000.06110267557
2555,143940.76784230547
2557,129102.77162823793
2561,150325.15720675705
2563,127943.11213081951
2564,140674.96160654112
2570,127099.39200450786
2571,249122.68038612802
2576,146461.66410155036
2582,142133.4993833625
2584,139645.77024139685
2587,110968.61529768445
2589,126783.06811327412
2591,543824.6010392691
2597,127014.4689529333
2602,155110.039872118
2605,144841.24462460863
2610,151539.74069106995
2611,127620.5631758844
2614,124370.2473651334
2616,171525.26834305061
2617,157306.6016580998
2620,238934.53323150403
2623,131916.53493426606
2631,149478.44951443025
2638,160790.84195384712
2639,219183.26934560662
2645,161601.39175205634
2647,79161.79492401677
2648,220183.81730296413
2650,116910.46853192261
2652,131152.03363463673
2656,247082.68378956662
2658,211910.23182570894
2661,278921.40684302815
2665,148817.84293620996
2673,227552.52037684008
2678,210061.0271893732
2679,140210.92426998785
2680,111513.44534827319
2685,112215.34260809477
2695,126967.44347961305
2698,114521.05468701894
2700,164930.8843115929
2706,143223.1901477018
2708,135200.12914368554
2709,147705.29720581474
2711,119418.86994546538
2718,161076.21776171544
2719,164662.239173016
2721,136798.18131277553
2725,196683.073967261
2726,651652.3354708689
2732,199030.72928918523
2733,142683.34392498777
2739,168326.09118231703
2747,159357.07484770316
2751,188969.2955955898
2754,174729.36020700439
2755,194178.45523053018
2756,176397.8833108364
2758,219417.57053917155
2763,171631.70278526124
2764,185908.72516555493
2765,178491.6437262062
2766,133617.753416243
2768,139762.2873435242
2781,178625.32466271878
2784,269496.76212484855
2785,146337.85561586323
2786,133747.7490796763
2796,203549.5419613337
2797,217745.33797686698
2801,201215.262198593
2805,209387.38139423222
2806,176852.2590498551
2812,166104.74473787687
2817,104929.06898119386
2822,146578.31743060827
2825,200098.67317511988
2828,115657.76352308142
2831,97765.21645800267
2843,163742.52861089728
2845,87312.77495202931
2847,144827.75138969338
2855,288459.8170829754
2856,135582.50448757483
2859,133764.4433893424
2865,201573.617808975
2867,287803.6569433464
2869,185008.71329700216
2870,229566.3134538026
2874,145732.19829179958
2876,99728.22042725046
2889,142133.85047636373
2892,265500.25192500756
2895,541030.3603568316
2898,226314.85481291736
2901,261708.43261569465
2902,269747.42489340925
2908,150430.20683688472
2909,105940.29030039067
2916,166254.84595875355
2917,123998.9321779141
2919,94641.25461221018
2921,98601.7396369076
2922,181996.52094698127
2925,179902.93636188694
2928,135321.36884194813
