Id,saleprice
2,137715.8308907109
4,251544.56624866073
6,171182.74623112226
7,196097.8489980169
17,186420.72038837813
18,341061.47089406336
22,152649.5024036335
27,120717.6142974151
31,115496.7806519676
36,149150.52595082604
39,345217.68029749696
40,225751.27482455634
42,286794.1727252911
46,194411.13038279847
53,145229.72088824038
58,148140.07718721038
61,300016.673752419
72,239242.17402927074
79,94414.05669466934
80,160252.74032093064
82,149542.42739289647
83,133389.59206497465
85,137695.0393100762
88,127421.8394243516
92,239785.60131988843
93,247787.97800940048
95,159962.51149031057
102,177685.69881187138
103,148586.53203302325
106,204559.7644473922
107,149863.5806980637
110,201926.74693140184
114,178269.94772813955
116,158787.4041113049
117,154596.5365813823
118,143738.28207693459
125,156935.83286583214
126,197579.43555684463
127,152724.26756517563
128,188663.1541037876
134,136200.33223868892
135,157779.6579111429
137,213125.1332392561
143,148209.26455342784
147,149495.26618188838
148,179361.14180134912
150,120567.57782748208
156,134491.6028083995
157,131988.4863416448
159,143437.8184491517
161,544693.898278981
167,159219.53111385313
170,153966.81675450123
171,100791.91180410776
175,145848.37635532167
179,229572.9752229568
181,119603.66437263368
186,159313.35788202297
193,181898.58716888668
194,215173.41838404784
206,114690.8582956007
208,139686.01236792107
210,157478.0741045938
211,223653.4172492507
212,155818.2054407462
214,149741.14876087615
215,134186.844638089
217,674649.3647139167
222,132743.15381800116
227,144249.7051242308
228,143274.30970541792
233,550549.4526613615
235,148100.17484824103
238,135155.5883860626
241,134941.8894166336
252,148986.84271295404
253,160193.9925777593
256,137708.92186602985
257,162460.23354950832
258,162593.96438268994
259,169533.0816314547
261,133742.67553231708
263,131515.27045480048
266,191847.80423738033
267,193229.11760219163
270,120823.96951182032
271,198426.99546808453
276,177367.19133550202
285,145607.06457009452
288,77738.94259147784
289,181289.46893861436
290,133636.9924731828
291,692073.6180782722
292,148241.90771724208
293,182986.35365006732
294,209776.72660275697
295,206671.09531402288
304,145026.81870253265
322,284067.09570417646
326,158514.69532525958
327,107084.54058495467
328,133962.99021513842
331,108068.60323659463
332,111131.54501908568
333,106338.17057765696
335,146779.54503464611
337,136336.73784735036
342,116329.50506062206
343,155985.6185882351
347,147726.95304395552
350,299422.11583710834
352,221000.09135785175
358,182735.4462971996
359,152698.00730019883
360,132942.9172955195
368,300470.22479602636
369,277237.19166484976
373,161344.39501223716
377,201371.97919181306
383,180443.84531870813
386,185304.96846445286
387,205893.714612065
390,147982.98857939764
391,133775.83661036045
395,130563.65917708416
397,123823.71990417357
398,125946.26637457137
401,113517.5987960677
404,136365.70112379937
408,123241.32323994362
409,105367.55670042189
410,150410.2450097993
418,131767.31852252997
422,383982.90275379515
427,330103.0080871886
431,329994.9709261813
433,415998.3576529184
437,326687.25211353984
438,249345.12326901732
442,321736.7849369253
447,216375.04548135638
459,301889.3835401572
460,254083.65203825553
464,171702.2498898875
465,142237.2060538021
467,158628.32922026305
468,166369.2857429086
474,140848.04996934673
480,158335.34756096883
481,162363.13029713658
483,183335.5186967759
488,149606.85148908105
492,156375.73574784075
494,140908.70300196737
499,284505.4086139648
500,252140.81079608345
501,286510.9470767128
503,242612.9163120843
506,222484.3766024377
508,218521.37971507674
511,233130.3656982907
515,214408.60693780202
519,193803.86705613416
521,206765.66667946053
530,210496.2338995588
532,196493.73509901424
534,149364.61287306953
540,131357.6680822135
541,128165.32131908047
551,142846.45461896245
552,153909.2472277565
554,208379.90376221575
555,121455.5095611582
556,125893.26109454132
557,127339.33291086685
565,224192.92445870116
566,219021.18986518885
567,151134.88532714284
569,187309.58438169936
570,168302.06239095939
574,175353.13616250962
575,280552.62919483054
576,172568.21663690096
577,201251.40303753092
578,187345.92283606034
583,185672.9320541176
584,192409.8375802814
585,147679.37974608384
587,178401.79158251206
593,175197.0311082237
597,192377.03672984257
598,167894.35353590423
599,184292.0760303525
600,132625.30352005843
605,163751.13970415606
607,159049.8017323262
608,146016.70077605563
611,155899.73441821555
616,117069.73876242674
625,157074.4865570009
629,141030.26580971642
630,127391.69073908316
631,144224.12288623457
640,174132.9107329704
642,172296.54756869943
643,142378.55741292427
646,210349.77477049682
647,154267.1974473762
655,217989.03709412913
659,206429.6572688836
663,94722.6800119789
665,114627.55452556488
667,199045.860392307
673,146662.1134054935
676,129406.14308012003
680,160721.5736515651
682,147734.62743990705
687,114152.6817932853
688,149599.16841106722
692,101948.42574270512
693,128244.28281497926
695,268184.1988659133
697,226445.85726347874
700,169090.294203044
702,145194.75555802567
703,120325.90819523993
704,152982.889390817
712,111476.59566856679
713,147531.2919562778
717,158568.5970850406
720,146816.9019739592
721,106191.55131758795
726,153268.5056697073
733,195052.67865155803
736,134409.12464731457
738,127702.41201599187
741,146825.82524449658
743,60760.33355488468
745,125282.9204430767
750,256714.08329201498
756,119620.65620408225
757,122075.93210446872
758,149327.2515118891
760,117332.22240867754
765,128934.47941676545
775,141785.7938364615
776,125982.50030898102
780,170451.25226671065
783,698767.7742956798
790,125386.02143027875
795,102539.03099733389
796,95624.93081922755
797,142449.1877871165
798,110543.36398673955
804,169937.2472822227
805,189378.2884492863
806,191825.42055826666
808,115578.81599788701
814,152247.90885567697
818,252998.7774995626
821,240707.27273633966
822,291102.1618814067
825,235521.49670927768
827,197550.84915158496
830,174527.84592918726
834,223490.7469209592
835,705484.5208104162
842,136677.5700905614
845,178533.91948270611
852,182971.1928586814
857,136057.86404614922
858,153392.14564045082
859,130636.51848692115
860,135822.79803045085
861,127202.14808418429
864,198307.73414104476
868,162224.47709970537
869,180196.66101182706
872,235333.9224571233
873,193353.3849795116
885,100896.37889387997
890,114630.97917873948
895,111048.07938670424
899,583290.0682598208
906,145177.64610560995
918,240028.8977171892
923,192109.21491797303
925,252731.32891700315
927,168907.44775305904
932,203311.80458119322
933,103507.93082483183
934,121460.25996174177
942,205445.8509330086
947,185615.35280196776
948,254861.0726389424
951,139403.36154956638
957,318851.7496726248
958,273439.3692948472
959,207116.73293854867
963,165508.49003575835
967,182986.6449512023
968,297946.38879087986
971,141608.67186903604
972,144705.9901530466
976,91763.86116247311
978,99357.80502501017
979,111401.8288499573
984,124806.81429751505
986,175884.37345185888
991,196371.45616673355
996,183292.6193675445
1001,247414.65088840696
1007,172031.56175664172
1008,157588.79979317685
1009,197595.4597860074
1014,156030.4290692673
1022,179290.15200888016
1024,155982.49694861125
1027,128433.352390788
1030,144914.36382074375
1032,145010.52497029922
1035,129136.41290800675
1042,114307.72069191876
1047,123448.04396819454
1050,108789.17573399178
1055,270112.14461800636
1059,352341.83503899485
1061,307341.62720016675
1064,425751.17707507114
1077,181832.15576693515
1081,200576.95527113604
1092,198881.56029697866
1093,164918.4577611162
1095,161386.1207734819
1099,251224.1849924208
1101,251478.8053937244
1103,270832.1133424303
1109,244230.6961645437
1112,211000.41045169876
1113,190221.24562244612
1114,219110.9094287267
1116,205371.4820322213
1117,219265.36781081214
1119,241750.63879563098
1121,195044.42796313163
1122,204882.91166454673
1125,233756.90205491544
1137,138670.6338085889
1142,179399.6912102438
1144,175937.7778907621
1145,174163.49138460148
1147,150092.01280951488
1148,159759.28828096576
1149,131241.21922863627
1150,122710.68952296212
1153,95270.92588699912
1154,109189.33926619399
1159,302817.64473302633
1161,139251.95693207489
1167,157881.25952541357
1171,208650.58367983947
1174,152589.11600186117
1188,183943.17039928475
1189,157124.76352190855
1191,158405.04731959564
1195,129933.46563148855
1199,150489.72011682892
1201,195600.39634680704
1204,171943.51662843005
1211,135345.79338545684
1214,683661.3589764029
1219,136201.42497301867
1220,94405.56554495177
1227,170520.97405316506
1229,206597.88580312545
1231,138955.9682047505
1234,181719.750816933
1235,136319.93470454426
1239,170321.54528836117
1240,172454.19744873306
1241,158498.67272739712
1246,124904.57851606896
1249,154562.8213873902
1250,123062.36302241328
1252,138820.9411942565
1259,255628.58940561488
1267,121518.929830927
1269,116680.7594183475
1270,152763.72103090482
1272,149827.5978410332
1274,129190.68769439458
1276,121233.43495084925
1279,154554.42666625
1281,154132.39072945772
1286,167236.664338879
1287,116731.8919509865
1290,101039.37346149782
1291,240231.75669052714
1297,217614.55839754894
1302,200554.50442548413
1303,192446.93966527586
1312,107878.17712923682
1315,149200.09934635545
1322,167832.22136611163
1327,120369.30131135538
1331,155501.9829512307
1333,123414.34521446319
1334,193995.83298117178
1336,114604.71629314864
1341,220351.73164333607
1344,90920.62614653453
1347,135709.34965158772
1348,265044.7216286524
1353,167888.3426802327
1355,153732.5404774323
1356,109426.82029254395
1357,197549.0163825298
1361,139997.74287369565
1364,119653.61186242249
1368,113210.55187739387
1369,84980.5658749466
1371,142795.61418046805
1373,123457.29074396574
1374,140393.178689625
1387,157370.5461619927
1388,130365.40151717541
1392,163185.1369107416
1394,135013.10176281966
1406,151839.32280799467
1407,314998.736662269
1408,666690.931913028
1409,151332.63291149115
1411,201164.0991872805
1412,131043.65079977344
1413,116432.65181716965
1414,129068.35890058731
1425,186047.51039949313
1430,661251.1875233367
1431,201485.21944725938
1435,188907.32010641042
1441,180185.67371116576
1444,179852.00032523382
1445,134141.58299619018
1446,134521.69301136653
1452,122499.58520806188
1453,111517.35272694449
1456,189994.99788102365
1457,191832.0619127109
1460,219123.82055877248
1463,194544.59958325158
1468,188260.26146036567
1471,201942.34773400007
1474,179057.64977485084
1475,172214.87418351942
1476,177864.55632730087
1478,174626.86841501505
1482,120799.60844259267
1483,130995.26288722438
1484,121142.20169678959
1485,135951.33326759777
1496,131705.31777355267
1497,140457.82523596205
1500,100267.20310002017
1506,148225.4365064461
1507,110046.01081244487
1509,124713.09262521254
1510,153077.32425931137
1513,125192.77138382867
1517,149483.8940025505
1518,155264.38760639165
1523,188738.10512684623
1524,145986.87459853277
1526,163803.32563561917
1529,167836.82422057673
1531,168970.3625474459
1535,164634.4885825736
1536,173182.15538216318
1538,274848.4061606546
1540,195294.02859971242
1543,117105.52841975706
1545,109751.99617494592
1546,117940.0112303831
1557,125437.79821303193
1558,121997.42828187445
1559,154914.91645502113
1563,237488.56177653326
1568,144227.47077568478
1571,261474.10440954054
1578,147415.63090893207
1579,192745.07607302823
1584,208184.2935969584
1586,247418.1186328606
1604,127690.85589720073
1606,131734.08360656805
1610,165144.4842463493
1611,144691.3715178996
1618,160070.7165159706
1623,170324.18167488388
1624,154131.71817379497
1628,136870.1233430278
1633,225817.45496387582
1645,140632.39447746563
1649,535054.6837141163
1652,124644.55032964368
1653,138735.4493942933
1656,102428.1724317725
1662,172685.2097063783
1668,114102.37753445852
1670,113563.47563869994
1672,118100.63666412435
1673,111569.44705779797
1674,136606.7464263216
1677,120496.27137229659
1678,142809.02349962207
1679,129350.27697217089
1685,345361.95637501794
1692,379354.1196454925
1693,310206.63503575115
1696,401014.7133816674
1709,292165.68216044316
1711,273540.1758452235
1717,190377.9524017445
1718,183230.5586618424
1721,199924.7521716558
1722,178887.0432574495
1725,287950.6594072315
1726,190454.11162231
1730,150867.05283773266
1731,149976.96409044095
1733,173130.9197148311
1737,173032.23426004796
1746,200937.49864642392
1747,165748.43093560595
1748,153816.5859290058
1749,182568.32103479386
1760,156610.86178057065
1761,419151.8528930683
1762,287044.4110475045
1768,989810.3783248753
1769,247957.92593282682
1770,266089.48128313274
1776,184734.9697677047
1781,329650.0763436917
1785,320147.30943568074
1792,205146.47019733547
1798,214889.5738668427
1812,180603.5388283059
1814,195707.54813595134
1817,171014.66190942223
1818,160915.94294956687
1822,119437.45901164602
1823,134356.75831431363
1829,221279.7845057758
1838,176773.15879224177
1845,168615.00190017064
1851,165201.89964384428
1855,262589.3766130615
1856,174704.77198118024
1858,158808.582857402
1865,200184.5010468358
1866,151931.98444290704
1867,172289.21997146594
1868,181683.0188132892
1876,139043.03010645145
1878,136898.46017273798
1879,155609.02495960513
1882,131166.8766593752
1883,120617.48556938837
1887,105618.54166465666
1895,131733.7972597494
1898,149565.98227154888
1904,102725.20053225686
1908,158033.03212613493
1917,131702.6010759445
1918,125272.97702918717
1920,134874.87960572983
1922,132048.0878498589
1923,141802.28331003786
1931,150974.88623720987
1935,129977.6339129004
1936,126055.4815855521
1939,127450.58465256759
1943,144785.38122341046
1944,126389.16884337494
1946,230400.54293572914
1952,231587.03723135713
1954,106873.00181644114
1958,104027.14270577417
1964,154002.62035421506
1966,162732.67490480666
1969,129033.0362873128
1977,83553.64191966533
1980,162598.67139234318
1984,115806.6422481944
1985,216866.95611452963
1988,118146.30004340012
1989,223594.91142625132
1991,130932.2435186947
1992,119333.73853537135
1997,113512.55367175107
1999,210173.74124446494
2003,220519.64872505752
2005,119486.85833147046
2010,258532.4029852852
2012,135170.82205556502
2016,247110.83597237233
2017,142470.40567916326
2022,174932.86271438247
2023,161348.0715078663
2035,130108.63904450726
2036,178126.47521696187
2040,131759.10436047622
2042,153525.40608695618
2043,92797.66668580356
2055,134746.63569629804
2056,113697.32680769032
2059,103396.8015141742
2064,118762.65620102175
2066,181370.87773180188
2070,131333.59855632889
2071,211763.59740511887
2078,191399.12149211147
2080,152997.7798827003
2085,109644.59044045805
2089,111477.6377565583
2090,163722.81483159232
2092,190731.07219728973
2094,223137.39611551474
2095,190506.43789555173
2098,305267.1631757574
2099,201744.29483380207
2103,198886.96131993807
2120,154887.9417333445
2122,155597.03996344394
2123,147326.7264724283
2134,165128.11043724415
2135,113424.3972080983
2136,130500.89179857372
2143,89807.73399236782
2145,220194.66196038286
2146,194517.18648969565
2148,163561.7589994228
2155,210920.4814079607
2156,208018.63954401016
2157,119784.60483844284
2159,177897.4119975125
2161,160685.95866809582
2164,162964.36767198434
2165,163455.54126967423
2169,126208.84521487866
2171,116927.4207409735
2180,138700.11197674935
2182,447763.698399902
2184,123804.38644474905
2185,112604.71635014063
2188,118050.08796795103
2191,218077.47180332345
2192,105497.3883196183
2196,190331.27950068007
2198,117617.79143778028
2204,163011.50551327545
2210,215455.24141993857
2213,172705.3367102039
2215,279837.4080157638
2219,220388.0297245947
2221,220449.75235106229
2224,197932.6062177918
2228,130929.44979715414
2232,123298.38731919666
2239,129796.60973748987
2246,235156.53181528812
2247,234320.26371436683
2249,157624.64182146723
2251,176333.21845212573
2254,134802.75579503694
2256,162047.89168858924
2259,203290.59864748124
2263,207042.64325095055
2266,171162.27486143645
2271,183419.11998910824
2274,230153.85165820335
2275,249749.55119097646
2280,135612.2164776203
2281,180122.6918353377
2291,93447.23033558055
2292,133860.86570156922
2295,169200.18591143482
2297,130097.94121023623
2299,153202.80993500276
2302,117351.6904815048
2303,114461.71027141839
2304,145697.29099510214
2308,193096.7266095431
2312,186939.29417947758
2314,153984.4395987554
2315,155798.03018237566
2316,169169.1642797703
2320,188371.76150729024
2321,243796.99203312752
2322,228027.00404163683
2325,148213.08983720338
2336,363904.02334720676
2340,281509.48489586636
2341,284479.3396207882
2342,388898.62214957597
2345,186705.2701132376
2346,156516.2498168062
2347,134780.67560171755
2354,225769.8195196785
2357,174576.01104441003
2359,138078.04768268744
2360,125465.64704841582
2361,135913.23891060377
2362,117776.0333738289
2366,133348.4025816721
2367,97038.8741804845
2370,120913.25631605275
2373,103878.80822437191
2376,120756.94628992293
2378,142317.10923974233
2382,225947.32015914557
2387,281415.43835772935
2392,345685.19534776034
2395,320804.4253106988
2396,305808.82757608464
2397,266999.7308777612
2399,344269.3954899543
2401,367970.14975756605
2402,262376.74808785814
2407,182031.78150496254
2411,159788.25624414143
2414,178832.43382257654
2418,220175.5109355327
2419,161529.55286876007
2424,151324.37471659575
2427,165038.96291472024
2430,190861.74800027692
2439,175008.15925594722
2441,205330.9532121251
2442,196983.08846779732
2446,396763.29059681564
2447,340905.8980902132
2452,273506.0007684889
2457,303121.39520396304
2458,248965.49618954613
2462,314273.88272775244
2465,187529.49175656872
2467,188450.62812730533
2473,137869.57213880238
2478,167413.4368179736
2479,161040.35817143373
2482,130933.33639418794
2485,144128.90284921956
2488,117469.52375848545
2494,132395.3850863813
2500,241294.4730659219
2509,125602.82184313645
2512,159452.25820797315
2514,123876.52247345129
2515,190443.04159079745
2516,175290.1453020726
2518,156140.9345167178
2519,169639.3939637552
2520,158210.83246779838
2527,157520.33654517727
2532,135517.90779935764
2538,124735.1878842811
2539,150198.42191083147
2543,112647.49814533092
2551,147647.83069109387
2554,141694.99483528337
2555,144228.6256665954
2557,116831.21297601913
2561,141842.8228346692
2563,130086.87497561847
2564,145272.16560852184
2570,124592.94611976421
2571,240391.78251396728
2576,150220.00962181357
2582,148525.33848885412
2584,140686.77599408178
2587,106669.70151745481
2589,118296.88048929351
2591,554266.8493624972
2597,120483.07547472077
2602,151898.43592648825
2605,162238.43239279813
2610,157712.1068091818
2611,126507.07865225812
2614,121149.7304811959
2616,163545.882985039
2617,151047.88694690535
2620,236729.40736410185
2623,137860.5935748364
2631,145789.22821048356
2638,165783.65416706083
2639,228036.30717756477
2645,176397.88676036173
2647,84555.63713259526
2648,223773.13649254752
2650,116679.51743340667
2652,138521.2815774552
2656,232753.48792499953
2658,164251.70609168336
2661,278861.5523720959
2665,151591.5502584494
2673,220138.85232472746
2678,211784.25331556183
2679,137592.05704247914
2680,116902.70780634634
2685,117654.21785321448
2695,134838.30635000995
2698,110567.88855817165
2700,165507.8715004926
2706,140948.28634703945
2708,133575.89028430358
2709,143642.58386474996
2711,119929.71759765974
2718,170025.39224137264
2719,176487.2357539206
2721,145113.2861775376
2725,161657.86128774454
2726,697842.8453918225
2732,199082.35001222763
2733,138525.83694711965
2739,172050.51410970537
2747,161251.76654047886
2751,194660.89704184615
2754,168964.8371694902
2755,198052.85030217297
2756,176188.43626388547
2758,220744.5954464697
2763,170542.3307267822
2764,182889.31203679476
2765,185686.42105274487
2766,136519.03788466114
2768,134225.3747526594
2781,179673.26438303958
2784,253143.38247551426
2785,134700.13141704796
2786,127161.2227501878
2796,202142.07247664742
2797,217197.50554137316
2801,204877.56293844292
2805,221389.89786559367
2806,174500.48329342942
2812,168084.77432560176
2817,100192.43974949443
2822,136960.67677553179
2825,203684.14370526047
2828,116878.86798309408
2831,100918.22483651208
2843,180275.33298309197
2845,92039.29954800238
2847,139465.62737516925
2855,275734.46157488815
2856,135031.60393118195
2859,144512.59378581023
2865,205102.26202107169
2867,280414.925845218
2869,176162.16967324886
2870,230679.63094782268
2874,149457.38587113115
2876,95674.1461452605
2889,136878.00596481084
2892,266247.08604365593
2895,546166.6601582849
2898,230044.18405690024
2901,255157.42288109026
2902,270313.9607815426
2908,148328.57818086565
2909,109830.73367916801
2916,161918.5145413132
2917,128210.3817235084
2919,101571.71796562734
2921,104198.80753589378
2922,186911.7601213897
2925,172008.65201932937
2928,141173.69980369727
